demucs.encoder.0.0.weight ---- tensor([[[-0.1358, -0.1363, -0.0039,  0.1032,  0.3333,  0.0667,  0.0508,
          -0.2889]],

        [[-0.2480, -0.0339, -0.1218,  0.3056,  0.1567,  0.2130, -0.0826,
          -0.1003]],

        [[ 0.0623,  0.3873,  0.3002, -0.2220, -0.2944, -0.1882, -0.2468,
          -0.1940]],

        [[-0.0180, -0.4340, -0.3536,  0.5213,  0.6837,  0.1768, -0.1712,
          -0.4209]],

        [[-0.1025, -0.0460, -0.0243,  0.3031,  0.1671,  0.2255, -0.0128,
          -0.0315]],

        [[-0.3764, -0.3099,  0.0741,  0.4341,  0.5527,  0.2696,  0.0424,
          -0.7059]],

        [[ 0.0530, -0.1725,  0.2726, -0.0883,  0.0954, -0.0809,  0.0713,
          -0.1896]],

        [[ 0.2116,  0.2567,  0.1640,  0.2225,  0.2534, -0.2738, -0.2525,
          -0.5502]],

        [[-0.0563, -0.5149, -0.0854,  0.4282,  0.6060,  0.0403,  0.0965,
          -0.5253]],

        [[ 0.2276,  0.3627, -0.1612, -0.0459, -0.3034, -0.1925,  0.0818,
           0.0915]],

        [[-0.0984, -0.3589, -0.1565,  0.0700,  0.4710,  0.4818,  0.1077,
          -0.5923]],

        [[ 0.0754,  0.1763, -0.1111, -0.0245,  0.1631,  0.1167, -0.1242,
          -0.0300]],

        [[-0.1099, -0.4769,  0.0533,  0.4437,  0.3317,  0.1487,  0.1852,
          -0.6585]],

        [[ 0.2691,  0.0013, -0.2360, -0.3750, -0.4723, -0.1749, -0.1834,
           0.0098]],

        [[-0.0314, -0.0837, -0.0325, -0.2388, -0.3622, -0.2696,  0.3251,
           0.5068]],

        [[-0.1984, -0.1635, -0.2871, -0.1179, -0.0825,  0.0227,  0.3673,
           0.4256]],

        [[ 0.0223, -0.0568,  0.1568, -0.1119,  0.1160, -0.1503,  0.1615,
          -0.0483]],

        [[ 0.1008,  0.1252,  0.0572,  0.0034,  0.0574,  0.3624, -0.0201,
           0.1395]],

        [[-0.0152, -0.2252, -0.1143,  0.0643,  0.5989, -0.0199, -0.0963,
          -0.1985]],

        [[-0.0196,  0.0750, -0.2254,  0.0917, -0.0654,  0.1362,  0.0386,
          -0.1113]],

        [[-0.1995, -0.0400,  0.2320,  0.2366,  0.3540,  0.1955,  0.0576,
           0.0160]],

        [[ 0.0209,  0.0335,  0.1049,  0.1593,  0.4134,  0.1464, -0.2244,
          -0.4920]],

        [[ 0.3021,  0.0491,  0.0305, -0.1027, -0.4530, -0.4729, -0.0201,
           0.6427]],

        [[-0.0902, -0.2294, -0.0906,  0.0191,  0.2796,  0.3672, -0.1618,
           0.0396]],

        [[-0.0508, -0.4935, -0.0126,  0.4835,  0.2545,  0.3038, -0.0700,
          -0.4286]],

        [[-0.0078,  0.1603,  0.1622, -0.0608,  0.0406,  0.1622,  0.0669,
           0.1179]],

        [[-0.0207, -0.0250,  0.1643,  0.0478, -0.0114, -0.2953,  0.1390,
          -0.1302]],

        [[-0.0733, -0.4873, -0.2754,  0.2508,  0.2774,  0.2617,  0.2827,
           0.2243]],

        [[ 0.0705,  0.5751,  0.2542, -0.5351, -0.7736, -0.4203,  0.3696,
           0.4979]],

        [[-0.0054,  0.4169,  0.3879,  0.1603, -0.0430,  0.0680,  0.2305,
          -0.0239]],

        [[ 0.3815,  0.3997, -0.2930, -0.2475, -0.6575, -0.5251,  0.2637,
           0.6778]],

        [[ 0.3513,  0.3428,  0.3296, -0.0451, -0.1066, -0.2706, -0.0597,
           0.1870]],

        [[ 0.1342,  0.4929,  0.0105, -0.4326, -0.4799, -0.3079,  0.0146,
           0.5934]],

        [[-0.0850,  0.1151, -0.0518, -0.1441,  0.0501, -0.0700,  0.0767,
          -0.0230]],

        [[-0.0631, -0.0500,  0.2564, -0.0972, -0.0333,  0.0616, -0.0134,
          -0.0158]],

        [[ 0.1351,  0.2307, -0.2098, -0.3145, -0.3529, -0.3990,  0.0705,
           0.0167]],

        [[ 0.0133, -0.2722,  0.1430, -0.1414,  0.0606, -0.2001,  0.0399,
          -0.0146]],

        [[ 0.1171,  0.3118,  0.2835, -0.3788, -0.5560, -0.4375,  0.1761,
           0.5226]],

        [[-0.2531, -0.4601, -0.2383, -0.1066,  0.3364,  0.1278,  0.1118,
          -0.1901]],

        [[-0.4257, -0.2283, -0.2980, -0.1436,  0.2886,  0.1186,  0.1708,
          -0.2318]],

        [[ 0.0351,  0.0781, -0.1730, -0.3014,  0.2246,  0.0794, -0.0181,
          -0.1870]],

        [[ 0.0902,  0.0503, -0.0017,  0.1331,  0.0607, -0.0883,  0.1780,
          -0.0360]],

        [[-0.1206,  0.2084,  0.2450,  0.0610, -0.5271, -0.2871,  0.1807,
           0.2336]],

        [[-0.0227, -0.0746,  0.1419, -0.0466, -0.0737,  0.1740, -0.2040,
           0.1398]],

        [[-0.0159,  0.0726,  0.1095, -0.0740, -0.0977,  0.1315,  0.0213,
          -0.0634]],

        [[-0.0305, -0.0706,  0.1181, -0.1052,  0.2399, -0.1629,  0.0748,
          -0.0726]],

        [[-0.0267, -0.2595, -0.2592,  0.1041, -0.1208, -0.1571, -0.3067,
          -0.1092]],

        [[ 0.0269, -0.3103, -0.2195, -0.0096, -0.1366,  0.1053, -0.2261,
           0.0433]]])
demucs.encoder.0.0.bias ---- tensor([-4.5598e-01,  3.0253e-03, -5.1518e-02,  1.1198e-01, -3.9323e-02,
         9.9114e-03,  6.4859e-02,  9.2733e-04,  2.5197e-01,  3.0797e-02,
         5.9459e-03, -1.0391e-02, -5.6414e-01,  2.6978e-02,  2.5633e-02,
         3.3908e-04, -3.8848e-02, -2.7812e-02,  2.9736e-01, -7.2545e-03,
        -1.9980e-02, -3.1476e-02,  3.1654e-02,  1.6971e-02,  3.6849e-01,
        -3.1952e-02, -5.4822e-02,  5.8562e-02,  5.1365e-01,  4.2058e-02,
         4.3298e-02, -3.0070e-02, -4.9799e-01, -1.1129e-02,  2.0457e-02,
         6.6007e-02, -2.1738e-01,  2.6406e-01,  2.6350e-02,  3.2851e-02,
        -1.0567e-01,  3.9730e-02, -8.3933e-02, -6.3758e-02, -3.1353e-03,
        -1.1761e-01,  5.2506e-02, -2.6988e-02])
demucs.encoder.0.2.weight ---- tensor([[[-0.1589],
         [ 0.2452],
         [ 0.1816],
         ...,
         [-0.3375],
         [-0.0393],
         [-0.2784]],

        [[ 0.4438],
         [ 0.1128],
         [ 0.2627],
         ...,
         [ 0.0924],
         [-0.1411],
         [ 0.0413]],

        [[ 0.0403],
         [-0.0313],
         [-0.4823],
         ...,
         [-0.0029],
         [-0.4382],
         [-0.2968]],

        ...,

        [[-0.6070],
         [-2.1449],
         [-1.5044],
         ...,
         [-1.3531],
         [-0.7232],
         [-0.2378]],

        [[-1.3335],
         [-2.2364],
         [-0.9399],
         ...,
         [-2.0133],
         [-1.8506],
         [-0.8335]],

        [[-0.5777],
         [-0.3800],
         [ 0.2302],
         ...,
         [ 0.1971],
         [-0.4608],
         [-0.0226]]])
demucs.encoder.0.2.bias ---- tensor([ 5.5209e-02, -3.1791e-02,  3.6337e-02,  7.7918e-02,  5.1675e-03,
        -5.9415e-03, -3.9348e-03, -6.4055e-02, -6.8035e-02,  3.4010e-02,
        -4.9031e-02,  4.4297e-02, -1.0122e-01,  9.5215e-02,  1.3201e-01,
        -4.1731e-02,  4.9276e-02, -2.4662e-02,  1.3278e-01, -1.5828e-02,
         1.3544e-01,  8.8127e-02, -3.9288e-02, -3.4031e-02,  1.0681e-01,
         1.0793e-01, -1.3035e-02,  9.5412e-03,  1.0682e-01, -1.3990e-01,
        -4.0675e-02, -5.7419e-02,  3.4069e-02,  1.2304e-01, -6.4596e-02,
         8.9285e-02, -6.4544e-02,  8.2721e-02,  1.1501e-01,  6.0925e-02,
         3.9120e-02,  1.4376e-01, -6.7146e-04, -5.7741e-02,  2.6757e-02,
        -2.5718e-02, -1.7385e-02,  1.0946e-02, -2.3909e+00,  1.1912e+00,
        -1.4368e+00, -2.4698e+00,  1.4657e+00, -6.2309e-01, -1.8723e+00,
        -2.4391e+00, -8.0582e-01, -1.9609e+00,  1.7517e+00, -1.7841e+00,
        -1.2333e+00, -1.6744e+00, -1.5906e+00, -1.1510e-01, -1.6397e+00,
        -1.7211e+00, -1.7833e+00, -1.3141e+00, -1.6634e+00, -1.3827e+00,
        -2.9328e+00, -1.3924e+00, -2.1873e+00, -8.0521e-01, -1.4847e+00,
        -2.7964e+00, -2.4313e+00,  4.6677e-02, -1.5326e+00, -2.2117e+00,
        -1.7278e+00, -1.2021e+00, -1.8096e+00, -1.2682e+00, -2.2790e+00,
        -1.6277e+00, -1.7742e+00, -9.5046e-01, -2.9167e+00, -1.1967e+00,
        -2.1329e+00, -4.4802e-01, -2.2685e+00, -9.6053e-01, -2.9112e+00,
        -2.0705e+00])
demucs.encoder.1.0.weight ---- tensor([[[-0.4199, -0.1595, -0.0327,  ..., -0.1268, -0.2979,  0.0380],
         [-0.0246,  0.0238, -0.1075,  ...,  0.2737,  0.3839,  0.1058],
         [-0.0681,  0.0351,  0.1662,  ..., -0.0249, -0.1216, -0.1076],
         ...,
         [-0.1529,  0.1570,  0.0899,  ..., -0.1511,  0.1282,  0.3755],
         [ 0.2420,  0.2081,  0.0044,  ...,  0.0454,  0.3494,  0.0252],
         [ 0.0875,  0.1288,  0.3646,  ...,  0.0909,  0.2680,  0.4291]],

        [[ 0.1916,  0.2484, -0.4820,  ...,  0.2016, -0.1657,  0.2107],
         [-0.0934, -0.1984,  0.1350,  ...,  0.0154, -0.2025, -0.1536],
         [ 0.4065, -0.1593,  0.6818,  ...,  0.4108,  0.1242, -0.2060],
         ...,
         [ 0.5789,  0.0338, -0.7867,  ...,  0.1608, -0.3841,  0.3173],
         [ 0.1998, -0.1152,  0.0535,  ...,  0.0367,  0.1304, -0.1212],
         [ 0.3897, -0.2050,  0.2187,  ..., -0.3570,  0.0238,  0.3654]],

        [[ 0.2043, -0.0436,  0.0050,  ...,  0.0657, -0.0791, -0.2550],
         [-0.3330, -0.2490,  0.3373,  ..., -0.5757, -0.0816,  0.4101],
         [ 0.0572,  0.2857,  0.3363,  ...,  0.1541,  0.1340, -0.0724],
         ...,
         [-0.0249, -0.0016,  0.0260,  ...,  0.1240, -0.0354, -0.0306],
         [-0.0460, -0.2732, -0.1362,  ..., -0.1755, -0.0174, -0.1521],
         [ 0.1848,  0.1659, -0.1537,  ...,  0.0513, -0.1670, -0.2952]],

        ...,

        [[-0.3204,  0.3113,  0.0504,  ..., -0.1727, -0.0729, -0.2233],
         [ 0.0428, -0.0712,  0.2488,  ...,  0.1972,  0.1302,  0.2386],
         [-0.2692,  0.0564, -0.2135,  ..., -0.2497, -0.4410, -0.1782],
         ...,
         [ 0.0339,  0.2915,  0.1199,  ..., -0.1736,  0.2738,  0.1727],
         [ 0.2117,  0.1794,  0.3127,  ...,  0.0048, -0.0399,  0.0565],
         [-0.4974, -0.1011,  0.2290,  ...,  0.2375,  0.1875,  0.2344]],

        [[ 0.2777, -0.1694,  0.1731,  ..., -0.0687,  0.2189, -0.3829],
         [ 0.0624,  0.1633,  0.0063,  ...,  0.0611, -0.2009,  0.2300],
         [ 0.0241,  0.4945, -0.1332,  ...,  0.0036, -0.2738,  0.3400],
         ...,
         [-0.0135, -0.1912,  0.0881,  ...,  0.0552,  0.2034, -0.6002],
         [ 0.2298,  0.0708,  0.1918,  ...,  0.1234,  0.0846,  0.2476],
         [-0.0660,  0.1529,  0.0633,  ...,  0.1697,  0.2371, -0.2675]],

        [[ 0.2993,  0.3234,  0.1526,  ..., -0.0434, -0.0454,  0.1641],
         [-0.1433, -0.2387, -0.0722,  ..., -0.1157, -0.2569, -0.1808],
         [-0.0926, -0.1114,  0.3749,  ..., -0.5584, -0.2413,  0.1157],
         ...,
         [-0.2346, -0.0909,  0.1375,  ..., -0.0270,  0.2741,  0.2503],
         [ 0.1449, -0.0747, -0.0854,  ...,  0.0097, -0.2836, -0.4253],
         [ 0.0229, -0.1339, -0.0928,  ...,  0.2095,  0.1774,  0.2084]]])
demucs.encoder.1.0.bias ---- tensor([ 0.0908,  0.3470,  0.0626,  0.4099,  0.2473,  0.2446,  0.0921,  0.1900,
         0.0354,  0.6811,  0.0189,  0.1516,  0.0564,  0.3712,  0.0580,  0.1571,
         0.1660,  0.0442,  0.0051,  0.1240,  0.2417,  0.1555,  0.3506,  0.1395,
         0.3041,  0.2999,  0.3264,  0.1869,  0.1666,  0.3566, -0.1988,  0.0480,
         0.1423,  0.3472,  0.2755,  0.0088,  0.0502,  0.0474, -0.0205,  0.0531,
         0.1433,  0.3325,  0.1735,  0.0457, -0.0885,  0.2616,  0.2625,  0.1348,
         0.1388, -0.0197,  0.2352,  0.5309, -0.0133,  0.0423,  0.3531,  0.2618,
         0.2483,  0.1811,  0.0142,  0.1368,  0.2881,  0.2015,  0.3709,  0.0440,
         0.0265,  0.2095,  0.2152,  0.0977,  0.1426, -0.2004, -0.0027,  0.3550,
        -0.0366,  0.2096,  0.2118,  0.0017,  0.1840,  0.0184,  0.6883,  0.2720,
        -0.1113,  0.2388,  0.0226,  0.3134,  0.0174,  0.0401,  0.3569,  0.2868,
         0.1227, -0.0020,  0.4285,  0.1670,  0.3027,  0.2388,  0.2167,  0.0119])
demucs.encoder.1.2.weight ---- tensor([[[ 0.2499],
         [-0.1646],
         [ 0.5065],
         ...,
         [ 0.1333],
         [-0.1916],
         [ 0.5165]],

        [[-0.3060],
         [ 0.4434],
         [-0.1569],
         ...,
         [-0.6192],
         [-0.0651],
         [-0.2795]],

        [[-0.1121],
         [ 0.0406],
         [-0.0943],
         ...,
         [-0.3585],
         [ 0.1578],
         [-0.1712]],

        ...,

        [[-0.6347],
         [-1.1068],
         [-1.5325],
         ...,
         [-0.4851],
         [-0.5000],
         [-1.4538]],

        [[-0.2115],
         [-0.8001],
         [ 0.1612],
         ...,
         [ 0.2131],
         [-0.0927],
         [ 0.0318]],

        [[-0.0431],
         [-0.0091],
         [-0.6468],
         ...,
         [ 0.0202],
         [-0.1778],
         [-0.4941]]])
demucs.encoder.1.2.bias ---- tensor([ 3.2352e-02,  1.7745e-01,  2.3660e-01, -5.8662e-02,  4.1477e-02,
         8.0206e-02, -2.1702e-02, -1.4019e-02, -1.5496e-02,  8.9626e-02,
         6.0562e-02,  3.1939e-02, -1.4658e-01,  3.6842e-03,  1.3414e-02,
         2.1647e-01, -5.0649e-03, -4.3153e-02, -5.8695e-02,  7.4250e-02,
         1.7324e-01,  8.2789e-02, -5.5846e-02, -7.7636e-02, -5.1073e-02,
        -1.0125e-01, -5.3169e-02, -2.9646e-02,  1.2857e-01,  1.9829e-02,
        -1.3781e-01, -3.3916e-02, -5.2305e-02,  1.7115e-01,  5.9244e-02,
        -4.6248e-02,  3.3230e-02,  1.3569e-01, -7.6108e-02,  2.8469e-03,
        -8.5066e-02,  1.9063e-01,  1.1402e-01, -1.2043e-01, -3.4146e-02,
        -5.5073e-02, -5.1750e-02,  3.2392e-02,  9.3496e-02,  1.7183e-01,
         2.0578e-02, -1.5459e-02,  1.2285e-01, -1.4567e-01,  5.7173e-02,
         5.9859e-02,  3.2427e-02, -6.5551e-03, -3.7045e-02,  2.0183e-01,
        -1.7303e-02,  8.6201e-02,  6.7485e-02,  1.9977e-02,  2.7743e-02,
         2.5689e-02, -1.0149e-01,  2.6124e-02,  1.8692e-01,  2.8209e-02,
        -3.2228e-02, -7.7407e-03,  1.5771e-01,  7.3413e-02,  3.1629e-05,
        -4.4621e-02, -4.3433e-02, -1.5950e-02,  6.7759e-02,  1.7829e-01,
        -1.5019e-01, -5.4360e-02,  1.7840e-01,  5.2281e-02, -4.1712e-02,
        -1.4813e-01,  3.4921e-02, -1.0465e-01,  3.8476e-02, -6.5656e-02,
        -7.6040e-03, -1.0213e-02,  2.9522e-02,  2.6300e-02, -1.6082e-02,
        -7.1522e-02, -2.4117e+00, -1.4070e+00, -1.3387e+00, -1.1634e+00,
        -1.9321e+00, -1.4615e+00, -1.1030e+00, -1.3739e+00, -1.8179e+00,
        -2.5020e+00, -1.3739e+00, -1.7186e+00, -1.5448e+00, -2.2083e+00,
        -1.5526e+00, -2.3352e+00, -1.2152e+00, -3.4168e-01, -1.7900e+00,
        -2.3545e+00, -2.3802e+00, -6.3394e-01, -1.1622e+00, -2.2205e+00,
        -1.2118e+00, -1.3649e+00, -1.1796e+00, -1.8591e+00, -1.9291e+00,
        -1.7352e+00, -1.5370e+00, -2.1562e+00, -1.0134e+00, -1.8299e+00,
        -2.1833e+00, -1.6158e+00, -1.9905e+00, -1.9360e+00, -1.7653e+00,
        -3.0672e+00, -1.8150e+00, -1.5933e+00, -2.1883e+00, -1.7160e+00,
        -2.0466e+00, -2.2907e+00, -1.3257e+00, -2.4985e+00, -1.9903e+00,
        -1.3876e+00, -2.6419e+00, -1.1865e+00, -2.4187e+00, -1.7321e+00,
        -1.8848e+00, -1.7609e+00, -1.9247e+00, -1.6231e+00, -1.4620e+00,
        -1.4396e+00, -2.2221e+00, -1.6331e+00, -9.1529e-01, -1.8783e+00,
        -1.6750e+00, -1.9827e+00, -2.5921e+00, -1.1322e+00, -1.1075e+00,
        -9.4383e-01, -1.6594e+00, -2.3812e+00, -1.2676e+00, -1.7555e+00,
        -1.6956e+00, -1.4221e+00, -1.2495e+00, -1.6169e+00, -8.5539e-01,
        -1.7570e+00, -1.2265e+00, -1.4740e+00, -1.5565e+00, -1.6044e+00,
         4.2768e-01, -1.3408e+00, -7.7235e-01, -1.4523e+00, -1.8753e+00,
        -1.3473e+00, -1.1298e+00, -2.2314e+00, -2.5673e+00, -2.5709e+00,
        -1.0549e+00, -1.1734e+00])
demucs.encoder.2.0.weight ---- tensor([[[ 6.2086e-02, -6.9253e-02, -6.5416e-02,  ..., -7.2069e-02,
           2.3711e-01,  7.1760e-02],
         [-3.0048e-01, -8.1164e-02, -3.0474e-01,  ..., -1.8139e-01,
          -1.5540e-01, -3.4943e-01],
         [ 4.0286e-01,  5.4028e-01,  6.0126e-01,  ...,  3.3792e-01,
           5.6361e-01,  1.7465e-01],
         ...,
         [-6.4124e-02, -1.5723e-01, -1.1063e-01,  ...,  1.5100e-01,
           5.3242e-02, -1.9861e-01],
         [-3.6158e-03,  1.0331e-01,  9.6007e-02,  ..., -4.2920e-02,
           2.5896e-01, -7.0912e-02],
         [ 1.1344e-01, -2.7623e-01,  8.2060e-02,  ...,  2.2173e-01,
          -1.6733e-01,  1.0976e-01]],

        [[ 1.8393e-01,  1.1726e-01, -5.2468e-02,  ..., -3.7980e-01,
          -8.9974e-02, -2.1253e-01],
         [ 2.0411e-01, -1.6702e-01, -1.8745e-01,  ..., -3.6596e-01,
           3.1088e-01, -1.2842e-01],
         [-5.4847e-02,  8.4269e-02, -1.0693e-01,  ...,  9.7041e-02,
           3.3833e-02,  2.2579e-01],
         ...,
         [ 1.2608e-01, -3.2651e-01,  3.3852e-01,  ...,  1.4911e-01,
           1.3100e-01, -1.4567e-01],
         [ 1.1124e-01, -6.3022e-03, -2.2109e-02,  ...,  7.5646e-02,
          -2.2562e-01, -2.7573e-02],
         [-1.7924e-02,  5.4144e-01, -4.7409e-02,  ...,  2.1135e-01,
          -3.0377e-01,  9.7960e-02]],

        [[-6.6732e-02, -3.4685e-02,  7.5453e-02,  ..., -1.5141e-01,
          -7.1408e-02, -1.4862e-01],
         [-3.7508e-02, -4.2246e-02,  1.5475e-01,  ...,  2.5528e-01,
           7.8259e-02,  2.2672e-01],
         [-1.3828e-01, -2.2072e-01, -2.2623e-01,  ..., -2.3052e-01,
          -1.0376e-01, -1.7556e-01],
         ...,
         [-8.8801e-02, -1.8175e-01,  2.5776e-01,  ...,  1.7635e-01,
           2.6708e-01,  3.9334e-01],
         [-2.3707e-01,  8.5316e-02,  1.3126e-02,  ...,  1.1536e-03,
           9.4191e-02, -1.0386e-01],
         [ 3.0631e-01,  3.3759e-02, -5.2793e-02,  ..., -4.7344e-02,
          -2.1726e-01, -7.5812e-03]],

        ...,

        [[-8.0366e-02,  1.2335e-01, -7.4098e-03,  ...,  2.9566e-01,
           2.2526e-01,  2.1586e-01],
         [-6.3866e-01, -7.4937e-01, -9.3791e-01,  ..., -1.1552e+00,
          -7.9962e-01, -1.0126e+00],
         [-2.4690e-01, -1.5816e-01, -3.2365e-01,  ..., -4.6181e-01,
          -5.5819e-01, -4.9981e-01],
         ...,
         [ 9.6676e-02, -1.7612e-02,  3.0884e-02,  ...,  5.5973e-02,
          -1.7237e-01, -2.2435e-01],
         [ 2.0233e-01,  1.2977e-01,  2.9336e-01,  ...,  1.9283e-01,
           2.7214e-01,  3.1670e-01],
         [-2.8051e-01, -1.6947e-01, -1.9466e-01,  ..., -6.9171e-01,
          -4.2916e-01, -4.6780e-01]],

        [[-2.6199e-01,  3.4778e-01,  1.1245e-01,  ...,  6.6241e-01,
           1.1217e-01, -4.5906e-01],
         [-1.5872e-01,  4.2362e-01,  1.3486e-02,  ...,  4.0921e-01,
          -1.5023e-01, -3.5297e-01],
         [ 2.2665e-01,  1.3293e-03,  2.1668e-02,  ...,  3.1195e-02,
           5.3018e-02,  4.3832e-02],
         ...,
         [-6.0066e-02,  2.7391e-01, -8.4088e-02,  ...,  3.7361e-01,
          -1.3737e-01, -3.7349e-01],
         [ 1.7423e-02,  8.2896e-02, -3.0848e-02,  ..., -1.0790e-01,
          -5.5973e-02, -1.5113e-01],
         [-1.3413e-01, -1.7826e-01,  5.2125e-01,  ..., -9.1352e-01,
           1.9736e-01,  7.6315e-01]],

        [[-3.4639e-01, -7.5423e-02,  2.1469e-02,  ..., -4.7737e-01,
          -1.8660e-01, -1.6251e-01],
         [-3.1562e-01, -2.1330e-03, -1.1242e-03,  ..., -4.0694e-01,
           6.1255e-02, -2.6599e-01],
         [ 1.1627e-01,  1.4643e-01, -5.2965e-03,  ..., -3.3209e-02,
           3.4128e-01,  2.8186e-01],
         ...,
         [-7.8307e-02,  5.2270e-02, -1.0938e-01,  ...,  2.0064e-01,
           6.0917e-02, -2.0219e-02],
         [ 5.0909e-02, -2.2139e-02, -1.4363e-01,  ...,  1.3412e-04,
          -8.7496e-02,  3.4181e-02],
         [-6.3429e-02,  2.5429e-03, -2.2521e-01,  ...,  2.3902e-01,
           1.0941e-01,  3.0068e-01]]])
demucs.encoder.2.0.bias ---- tensor([ 4.9041e-01,  1.2544e-01,  8.4336e-02,  8.3230e-02,  2.1958e-01,
         1.7492e-01,  5.4154e-01,  1.4621e-01,  6.3896e-03, -6.9461e-03,
         1.9465e-03, -2.0275e-03,  3.3037e-02,  8.7094e-02,  2.9825e-02,
         1.0866e-01,  3.6022e-02,  1.3456e-01, -3.8653e-02, -2.0903e-03,
        -3.7704e-02, -2.2029e-02,  2.3617e-01,  1.6199e-02,  1.0895e-01,
        -4.6644e-02,  3.6402e-02,  2.3378e-01,  2.0082e-01, -1.1735e-01,
         2.0898e-01, -4.6123e-02, -2.3871e-02, -2.1565e-02,  7.5413e-02,
         3.7458e-03, -1.8722e-02,  9.2422e-02,  8.2912e-02,  1.3579e-01,
         1.3192e-01,  6.6108e-02,  1.3159e-01,  1.2763e-01, -4.8583e-02,
         1.6576e-01,  4.4829e-02,  4.4465e-02, -5.0326e-02,  6.0505e-03,
         7.2825e-03, -2.3288e-01, -3.9008e-02, -3.5917e-01, -4.8281e-02,
        -1.9242e-01,  2.9928e-01,  5.0951e-03,  9.3002e-01,  3.8996e-02,
         6.9362e-02, -1.5426e-01,  4.5792e-02,  2.2252e+00,  1.2470e-01,
         7.8696e-02,  1.8315e-02,  7.0470e-02,  1.5460e-02,  4.4786e-01,
         2.5131e-01,  3.8411e-02,  1.3139e-01,  5.1090e-01, -3.7618e-02,
         1.8152e-01,  1.0107e-01,  9.5481e-02, -5.6135e-02, -3.3620e-02,
         7.3459e-02,  6.1297e-02,  4.3936e-03, -6.7401e-02,  1.5879e-02,
         5.2201e-02, -4.7537e-02, -9.3392e-03, -1.5669e-02,  3.7017e-02,
         1.7797e-01,  1.3489e-01, -2.8645e-02, -1.5361e-01,  5.8847e-02,
        -2.5201e-01,  4.4412e-02,  1.1080e-01,  1.7191e-01,  7.2301e-03,
         1.8783e-02,  1.5951e-01,  3.1197e-02,  1.7990e-01,  1.6928e+00,
         1.0299e-02,  2.0871e-01, -5.9505e-02,  7.9760e-02,  1.2359e-01,
         2.3066e-01, -3.3495e-02,  8.3517e-03,  4.9046e-02,  1.3262e-01,
        -1.0973e-02,  1.0613e-01,  1.3599e-01, -1.6552e-01,  5.5409e-02,
         3.9462e-02, -1.7670e-02, -1.0635e-01,  1.3875e-01, -1.1074e-02,
         8.4356e-02,  1.2351e-01,  1.0472e-01, -1.7025e-02,  3.7383e-02,
         1.3238e-01,  5.9155e-02,  1.8908e-01,  4.9336e-03, -1.1386e-02,
         2.6697e-02,  4.1008e-02,  4.7447e-02,  1.0125e-01, -1.9797e-03,
         5.2068e-02,  7.8416e-02,  2.1183e-01, -7.5028e-02,  1.1057e+00,
         3.2921e-01, -2.9294e-01, -3.0824e-02,  2.2460e-01, -7.1229e-03,
        -4.5768e-02,  3.8314e-01,  2.0689e-01, -5.3068e-02,  8.7523e-02,
         1.2636e-01, -4.9904e-04, -4.1161e-02, -2.5650e-02, -2.9075e-02,
         1.3142e-01,  1.7405e-01, -2.0548e-01, -1.3970e-01,  6.1204e-02,
        -3.1571e-02, -6.3114e-02,  1.4951e-02,  7.7757e-03,  2.7507e-01,
         1.1485e-03, -3.3378e-02, -3.0788e-02,  7.4809e-02,  2.2369e-02,
         1.6014e-01,  9.5896e-03,  1.3856e+00, -1.1192e-02,  1.8615e-01,
        -3.4652e-03, -5.9760e-03,  1.6758e-01,  3.3786e-02,  2.5150e-02,
         1.2216e-01,  9.2062e-02, -3.3477e-02,  8.9442e-02,  2.3799e+00,
         3.8193e-03,  3.7861e-02])
demucs.encoder.2.2.weight ---- tensor([[[-0.0212],
         [-0.0903],
         [-0.6679],
         ...,
         [ 0.2180],
         [-0.4230],
         [ 0.1200]],

        [[ 0.0221],
         [-0.0034],
         [-0.4298],
         ...,
         [ 0.0758],
         [-0.7686],
         [-0.4578]],

        [[-0.1609],
         [-0.1784],
         [-0.0147],
         ...,
         [-0.1185],
         [ 0.6642],
         [ 0.3639]],

        ...,

        [[-0.9444],
         [-0.2039],
         [-0.0342],
         ...,
         [-0.3459],
         [ 0.1129],
         [ 0.2408]],

        [[-0.9271],
         [-0.2303],
         [-0.9844],
         ...,
         [-0.9871],
         [-0.2169],
         [-0.4027]],

        [[-0.1656],
         [-0.0106],
         [ 0.0386],
         ...,
         [-0.3287],
         [-0.1864],
         [-0.1227]]])
demucs.encoder.2.2.bias ---- tensor([ 1.3076e-01,  9.0639e-02, -1.2348e-01,  1.4517e-01,  2.0270e-01,
         3.8429e-01,  1.7809e-01, -8.7493e-04,  1.5947e-01, -9.6100e-02,
        -3.2676e-02,  9.2764e-02,  1.1728e-01, -7.3841e-03,  7.1545e-02,
        -1.7335e-01,  5.4131e-02,  1.1045e-02, -3.6794e-02, -7.9912e-02,
         2.6072e-02,  5.9742e-02, -6.8284e-02, -5.5315e-02,  1.6429e-02,
         1.1456e-01, -1.2972e-01, -2.4557e-01, -1.6725e-03,  1.3454e-01,
         7.1054e-02,  1.6691e-01, -1.8385e-02,  5.7645e-01, -1.3134e-01,
         1.3213e-01,  5.9226e-02, -8.6054e-02, -1.8486e-01,  1.1387e-03,
         5.3200e-02,  1.4187e-02,  1.1359e-02, -7.9613e-03, -5.1759e-03,
         8.9643e-02, -7.9776e-02,  3.0217e-01, -6.3365e-02, -1.2990e-02,
         2.7208e-02,  1.2379e-01, -5.1767e-02,  1.0023e-01, -8.3825e-02,
         3.3906e-02, -3.2779e-02, -7.2376e-03, -3.9546e-02,  3.1132e-02,
        -1.8199e-01,  1.9984e-01, -9.1413e-02,  4.6479e-02, -2.1517e-01,
         1.0242e-01,  4.9961e-02, -2.1862e-02,  1.5795e-02,  8.0168e-02,
         2.0431e-01, -1.9077e-01,  3.9824e-02,  1.1483e-02,  8.3082e-02,
        -3.0917e-01, -2.0044e-02,  3.6874e-02,  1.7654e-01,  1.5705e-01,
         4.3717e-01,  3.0792e-02, -4.3972e-02,  1.5488e-01,  3.9995e-01,
        -1.0393e-01, -6.7582e-02,  1.2843e-01,  1.6742e-02, -1.3378e-01,
        -2.5309e-01,  3.6607e-02,  1.0995e-02,  8.8015e-02, -9.0533e-02,
         1.0511e-01, -2.2309e-01, -3.8332e-02,  1.7651e-01, -1.3648e-01,
        -7.6348e-02,  9.4250e-02,  1.3654e-01,  4.1617e-02, -1.4455e-01,
        -5.3629e-02,  1.6400e-01,  1.7508e-01,  4.8472e-02, -1.3975e-01,
         1.4163e-02,  7.3482e-02,  1.8014e-01, -4.7829e-02,  2.6015e-03,
        -1.8635e-02,  3.3765e-01, -3.1325e-02, -3.0766e-02,  1.9438e-03,
         4.7600e-02, -6.2088e-02,  9.6930e-02,  3.7387e-02,  2.3458e-01,
         5.0833e-02, -3.2833e-02, -3.8996e-02,  1.0444e-01,  2.0444e-01,
        -3.8585e-04, -5.7130e-02,  5.5040e-02, -4.9059e-02, -2.7058e-02,
        -6.6636e-02,  4.0892e-02, -1.1318e-01, -1.0029e-01,  1.8335e-02,
         7.6237e-02,  6.4716e-02, -1.0847e-01,  2.4675e-02,  2.0102e-01,
        -2.1457e-02,  1.7289e-01,  2.1091e-01,  1.0326e-01,  3.6247e-02,
         1.0048e-01,  1.1786e-02, -3.7776e-02,  6.8004e-02,  1.5651e-01,
        -1.3749e-01,  5.7746e-03,  6.1242e-02,  1.0175e-01,  2.1093e-01,
        -7.6583e-02, -1.0592e-02,  3.0596e-01, -2.7273e-01, -3.0616e-02,
         6.8879e-02,  2.8889e-01, -2.2570e-02, -1.7643e-02,  7.8044e-02,
         3.2858e-01,  1.6778e-01, -1.8568e-02,  3.2945e-01,  1.6044e-01,
        -3.3480e-01, -9.6352e-02, -6.8721e-02,  5.1469e-02,  2.2846e-03,
         2.5119e-01, -2.4176e-03,  2.7149e-01,  6.1530e-02, -2.9321e-02,
        -7.0122e-02, -7.7608e-02, -5.7672e-03, -7.4926e-02,  1.7841e-01,
        -5.7099e-02, -7.9753e-02, -6.1117e-01, -7.1248e-01, -4.9448e-01,
        -5.7602e-01, -5.8282e-01, -6.1585e-01, -8.9887e-01, -5.8821e-01,
        -8.0527e-01, -3.6623e-01, -4.1619e-01, -6.3828e-01, -8.5728e-01,
        -6.4214e-01, -8.0080e-01, -7.0062e-01, -7.9893e-01, -7.6905e-01,
        -6.6230e-01, -5.6991e-01, -7.8110e-01, -7.7097e-01, -8.1716e-01,
        -4.6832e-01, -3.2655e-01, -7.9614e-01, -7.9582e-01, -7.9053e-01,
        -6.3054e-01, -3.1180e-01, -5.8336e-01, -3.5271e-01, -6.1555e-01,
        -4.7632e-01, -4.8525e-01, -3.8802e-01, -2.2001e-01, -7.3619e-01,
        -9.0736e-01, -8.6824e-01, -1.2097e+00, -6.4513e-01, -9.9535e-01,
        -5.8019e-01, -8.2275e-01, -2.1912e-01, -9.8651e-01, -5.9567e-01,
        -9.4021e-01, -8.2273e-01, -5.5938e-01, -5.9210e-01, -6.5365e-01,
        -4.0977e-01, -5.6017e-01, -6.1002e-01, -6.5356e-01, -8.1267e-01,
        -6.9488e-01, -5.6577e-01, -5.1466e-01, -1.1038e+00, -9.3823e-01,
        -6.6759e-01, -8.8593e-01, -7.0403e-01, -3.8738e-01, -4.1244e-01,
        -4.8889e-01, -1.0226e+00, -3.9356e-01, -6.4726e-01, -1.0429e+00,
        -5.0094e-01, -2.5889e-01, -7.6679e-01, -6.9011e-01, -8.2374e-01,
        -1.0442e+00, -7.9251e-01, -5.7169e-01, -7.4840e-01, -3.8587e-01,
        -8.8772e-01, -4.4160e-01, -6.7748e-01, -6.3166e-01, -4.4962e-01,
        -5.2762e-01, -6.7179e-01, -8.0787e-01, -6.2065e-01, -4.7556e-01,
        -1.3812e-01, -4.6527e-01, -1.0644e+00, -7.1987e-01, -8.5056e-01,
        -7.2965e-01, -8.9838e-01, -7.2640e-01, -8.3018e-01, -4.6914e-01,
        -7.2896e-01, -5.8106e-01, -2.9752e-01, -8.1425e-01, -8.4509e-01,
        -3.7492e-01, -6.3260e-01, -4.5806e-01, -7.1201e-01, -7.3497e-01,
        -8.2903e-01, -6.2924e-01, -8.4355e-01, -2.7800e-01, -5.8631e-01,
        -3.6806e-01, -4.0284e-01, -7.3309e-01, -6.6701e-01, -6.9651e-01,
        -1.1837e+00, -8.4223e-01, -6.4456e-01, -1.4335e+00, -3.3726e-01,
        -1.2248e+00, -8.5986e-01, -7.8535e-01, -9.6771e-01, -6.2688e-01,
        -5.0894e-01, -6.7774e-01, -1.0754e+00, -6.1806e-01, -8.7206e-01,
        -5.5523e-01, -8.2949e-01, -5.8718e-01, -1.0973e+00, -5.0696e-01,
        -6.5454e-01, -7.0932e-01, -1.2189e+00, -6.7220e-01, -6.0808e-01,
        -5.0387e-01, -7.6682e-01, -7.4746e-01, -7.5228e-01, -6.9738e-01,
        -7.8015e-01, -7.1498e-01, -7.6824e-01, -8.2311e-01, -5.7221e-01,
        -1.1400e+00, -7.0070e-01, -6.3726e-01, -1.4949e+00, -5.8286e-01,
        -7.3412e-01, -7.9849e-01, -6.9291e-01, -8.4472e-01, -3.6433e-01,
        -9.1089e-01, -1.0021e+00, -8.8473e-01, -5.1833e-01, -6.9638e-01,
        -1.0297e+00, -9.5737e-01, -1.0213e+00, -1.0101e+00, -8.6279e-01,
        -7.0058e-01, -7.1942e-01, -8.1746e-01, -8.5209e-01, -7.5095e-01,
        -6.3922e-01, -7.6224e-01, -5.8796e-01, -4.8418e-01, -5.9144e-01,
        -8.2389e-01, -9.8715e-01, -1.3587e+00, -8.5643e-01])
demucs.encoder.3.0.weight ---- tensor([[[ 0.1816, -0.0469,  0.1685,  ..., -0.7461, -0.1062, -0.1849],
         [-0.3595, -0.2608,  0.0144,  ..., -0.0286, -0.0268, -0.4901],
         [ 0.1546,  0.0717, -0.0211,  ..., -0.0478,  0.2060, -0.2668],
         ...,
         [-0.0174,  0.1215,  0.2259,  ..., -0.0944, -0.0459,  0.0966],
         [-0.1786, -0.1485, -0.0875,  ..., -0.0986, -0.0355,  0.0625],
         [ 0.2354,  0.2102,  0.1908,  ..., -0.0114,  0.4756,  0.1254]],

        [[ 0.1524,  0.1168,  0.1548,  ...,  0.1945,  0.1299,  0.2303],
         [ 0.0692,  0.0809,  0.0719,  ..., -0.0314, -0.1448, -0.0849],
         [-0.1351, -0.0366,  0.0159,  ...,  0.0514,  0.0021,  0.0377],
         ...,
         [ 0.0732,  0.0183, -0.0292,  ...,  0.1208,  0.1222,  0.1234],
         [-0.0180, -0.0147, -0.0321,  ...,  0.0227,  0.0024, -0.0660],
         [-0.1011,  0.0151, -0.0635,  ..., -0.0625, -0.0219,  0.1532]],

        [[-0.0651, -0.1353, -0.4636,  ...,  0.0764, -0.0430,  0.1022],
         [-0.1057,  0.0725,  0.0328,  ...,  0.1294,  0.2016, -0.2714],
         [-0.1617, -0.3119, -0.0110,  ..., -0.0210, -0.4008,  0.0520],
         ...,
         [ 0.0158,  0.0807,  0.2700,  ..., -0.0295,  0.0822,  0.1224],
         [-0.0326,  0.0864, -0.0849,  ...,  0.0858, -0.0408,  0.0104],
         [-0.1351, -0.0235,  0.1093,  ...,  0.1097, -0.0876, -0.1337]],

        ...,

        [[-0.0472,  0.1780,  0.3268,  ...,  0.3754,  0.3927,  0.0378],
         [-0.2849, -0.0697,  0.2033,  ..., -0.2182,  0.3159,  0.1482],
         [ 0.1761, -0.1586,  0.0051,  ..., -0.4187, -0.5749,  0.0596],
         ...,
         [ 0.0866,  0.0720,  0.2141,  ...,  0.0324, -0.0969, -0.1718],
         [-0.0024,  0.1075,  0.1928,  ...,  0.2117,  0.2624,  0.1776],
         [ 0.0434,  0.0054,  0.0839,  ..., -0.1176, -0.3214,  0.1209]],

        [[ 0.0820, -0.1107, -0.0724,  ..., -0.2011, -0.4849, -0.4029],
         [-0.0328,  0.3909,  0.1374,  ..., -0.0585, -0.0925, -0.2267],
         [-0.0096, -0.1317,  0.2115,  ..., -0.1011,  0.4648,  0.1339],
         ...,
         [ 0.3341,  0.1783,  0.2865,  ...,  0.0808, -0.4158, -0.1659],
         [-0.1314, -0.0340, -0.1407,  ...,  0.1562,  0.1071,  0.0174],
         [-0.1592,  0.0784, -0.1029,  ..., -0.4975, -0.2352,  0.1900]],

        [[-0.1073, -0.0020, -0.2702,  ..., -0.1782,  0.3490,  0.4696],
         [-0.3245, -0.0192, -0.2183,  ..., -0.2338, -0.1379,  0.0283],
         [ 0.2909,  0.0283, -0.0173,  ..., -0.2507,  0.1469,  0.2503],
         ...,
         [-0.1172, -0.1887,  0.0517,  ..., -0.3104, -0.1202, -0.0734],
         [ 0.2593,  0.1298,  0.0641,  ..., -0.1734,  0.1974,  0.0660],
         [-0.3080,  0.1841, -0.6184,  ...,  0.0208, -0.3174, -0.3205]]])
demucs.encoder.3.0.bias ---- tensor([ 6.5001e-02, -4.8927e-01, -1.2803e-03,  6.7058e-02,  8.7471e-02,
        -4.2366e-01, -1.5489e-02,  2.3229e-02,  5.6482e-02,  5.7306e-02,
         2.7409e-02, -2.2229e-02,  4.8000e-02,  3.3416e-02,  1.1466e-01,
         4.3257e-02,  2.7404e-02,  4.9769e-02,  8.1091e-02, -4.9048e-03,
         7.7498e-02,  1.2274e-01, -9.3416e-03, -1.9710e-01, -4.8069e-02,
         2.8945e-02,  8.5717e-02,  2.9607e-02,  1.3811e-02,  5.5381e-02,
        -5.7265e-02,  1.4246e-01,  8.1612e-02, -1.6750e-01, -4.5520e-02,
        -2.4961e-02, -2.9094e-02,  6.2932e-02,  4.3879e-02,  1.2254e-01,
         9.3864e-02, -1.0461e-02,  9.2357e-02,  1.3740e-01,  4.4414e-02,
         2.1841e-02,  3.7884e-02, -3.0289e-02,  1.5636e-01, -2.8503e-02,
        -7.8753e-02,  1.2646e-01,  3.2221e-02, -6.0359e-02,  9.9234e-02,
         1.4102e-02, -1.9411e-02,  7.2111e-02,  7.9350e-02,  1.5028e-01,
         1.5875e-01, -7.4599e-02,  1.4794e-02,  7.6022e-02,  1.9453e-01,
         4.4564e-02,  8.0110e-02,  1.1519e-02, -6.1993e-02,  1.0367e-01,
         4.0241e-04,  1.6846e-02, -3.4608e-02,  1.8993e-01,  5.2247e-02,
         9.0490e-02,  6.4904e-02,  1.3384e-01,  3.5176e-03,  1.3196e-01,
        -9.7676e-02,  2.2029e-02,  9.9583e-02, -5.4164e-03,  1.7773e-02,
         3.7217e-02,  2.0592e-02,  1.6571e-01,  9.0927e-02,  3.3542e-02,
        -3.0951e-02,  6.9582e-02,  1.4043e-01,  1.1640e-01, -1.4981e-02,
         5.4099e-02,  4.9780e-02,  5.0464e-03, -2.3050e-02,  2.8630e-02,
         3.6221e-02, -6.7154e-02, -1.3268e-02, -1.3390e-01, -4.5144e-03,
         3.1264e-02,  2.6081e-02,  3.6264e-02, -2.2198e-02,  2.8863e-02,
        -9.3910e-03,  1.2994e-01, -2.4522e-02, -2.5063e-02,  4.8073e-02,
         1.8320e-01, -9.0181e-03,  1.8005e-01,  8.9631e-02, -1.3320e-02,
         5.3461e-02,  1.6189e-03, -1.1373e-01,  1.4582e-01,  2.2668e-02,
        -2.3771e-01,  4.9680e-02,  1.0059e-01, -1.2214e-02,  1.7913e-02,
         1.1528e-01,  2.7558e-02,  5.5905e-01,  2.9056e-02,  1.0346e-02,
        -1.7270e-02,  7.2191e-03,  9.1692e-02,  6.5153e-02,  2.4652e-01,
         3.8152e-02,  2.3349e-01,  1.3641e-02,  9.9376e-03,  8.2040e-02,
        -8.1690e-02,  8.4544e-02,  7.7114e-02, -5.8638e-03, -1.7273e-03,
         9.3223e-02, -4.5207e-02,  7.3621e-02,  1.8724e-01, -2.4687e-02,
         1.6661e-02,  5.3543e-01,  7.8448e-02, -2.6244e-02,  1.0206e-01,
         1.3682e-01, -1.0416e-02,  1.0479e-01,  2.0545e-02, -5.5450e-02,
         3.4204e-04, -8.2383e-03,  4.6783e-02,  8.6547e-02,  5.1103e-02,
         1.0658e-01,  3.0451e-02,  1.3792e-01,  5.0970e-02,  3.3051e-02,
         1.4055e-02,  4.3453e-02, -1.2442e-02,  2.3098e-01,  4.8262e-02,
         3.8161e-02,  1.2783e-01,  4.6824e-02,  6.4790e-02,  1.2268e-01,
        -4.5268e-02,  9.5181e-02,  5.6457e-02,  5.5273e-02, -8.3136e-02,
        -1.4883e-02,  1.8166e-01,  2.7446e-02, -1.7043e-02,  1.4768e-01,
         2.0562e-01,  3.9051e-02,  1.9370e-02,  1.4939e-01,  1.4616e-01,
         1.2798e-04,  1.7324e-01,  1.5987e-02,  1.0660e-01,  1.1141e-01,
        -1.4445e-02,  6.2594e-03,  6.3021e-02,  7.8403e-02,  7.2082e-02,
        -8.9466e-03,  1.3724e-02,  6.7457e-01, -2.3841e-02, -1.7983e-01,
        -5.6511e-02,  1.6057e-01,  2.6844e-02,  1.4755e+00,  5.3604e-01,
        -4.0787e-02,  9.6986e-02,  7.1221e-02,  5.0739e-01,  2.1776e-01,
         1.3249e-01,  1.8587e-02, -4.9811e-02,  1.8448e-01, -2.2378e-02,
         6.7188e-02,  7.1766e-02,  4.3577e-02,  5.4213e-02,  7.6793e-02,
         1.4273e-02,  3.0329e-02,  7.7160e-02,  4.3938e-02,  3.4212e-02,
         6.9287e-02,  1.9979e-01,  4.0632e-02, -1.0730e-02, -2.0837e-02,
        -1.7211e-02, -3.9937e-01, -1.8201e-02,  4.9147e-02, -6.1642e-02,
         1.7690e-03,  5.2576e-02,  5.9971e-02,  1.2148e-01,  1.6473e-01,
         8.3709e-03,  3.6223e-02,  6.6252e-02,  1.2660e-01, -3.0727e-02,
         3.5496e-02, -4.6587e-02, -4.2279e-03,  7.9930e-02,  3.1529e-02,
         8.1233e-02,  7.4470e-02,  7.8010e-02,  1.9049e-02, -1.9678e-02,
         1.8989e-03,  1.1137e-02,  1.2829e-01,  5.1845e-02,  2.8236e-02,
         4.5448e-02,  1.7340e-02,  1.4776e-03,  1.0840e-01,  1.9625e-01,
        -9.3909e-02,  2.0456e-02, -7.7853e-02, -2.0393e-01,  1.1036e-01,
         3.5510e-02, -2.4943e-01,  7.7771e-02,  6.7296e-04,  5.7989e-02,
         1.0145e-01,  1.6193e-01,  1.4584e-01,  3.1276e-02,  1.2950e-01,
        -7.2890e-02,  1.6671e-02, -8.8844e-02,  9.2152e-02, -4.1114e-02,
        -2.1172e-02, -2.5576e-02,  8.7324e-02, -2.8345e-01, -7.4482e-02,
        -7.8907e-02, -8.5116e-02, -2.6363e-02, -1.5108e-02, -6.5779e-02,
         3.7779e-02,  6.4106e-02, -4.6727e-02,  9.1995e-02, -5.1167e-02,
         6.6712e-02,  3.8008e-02, -1.7089e-01,  1.0107e-01, -9.1807e-02,
        -7.2641e-03,  8.1568e-02,  1.1154e-01,  6.3725e-02,  1.5850e-01,
         1.8063e-02, -6.7787e-03, -5.8802e-03,  8.5212e-03,  1.9419e-01,
         6.3278e-02, -4.4693e-02,  1.3663e-01,  5.3908e-02,  5.8405e-02,
         8.7524e-02, -1.1271e-02,  1.4387e-02,  5.3086e-02,  1.5855e-02,
         1.2805e-01,  1.1941e-03,  1.4047e-01, -8.0477e-02, -4.7723e-02,
         1.2132e-01,  1.4525e-01,  2.8516e-02,  5.6947e-02,  7.2601e-02,
        -7.4983e-03, -6.4865e-02,  3.6584e-02, -4.4865e-02,  3.6463e-02,
         4.6299e-02,  1.6022e-02, -4.9575e-02,  2.6377e-02,  1.5614e-03,
        -1.9912e-02,  1.5649e-03,  2.3208e-02, -7.8865e-02, -4.5198e-02,
        -3.7312e-02, -3.1881e-02,  7.7988e-03,  9.4334e-02,  9.7820e-02,
         1.0365e-01,  5.4616e-02, -4.2032e-01,  7.9035e-02, -2.6773e-02,
         1.1593e-02,  1.4787e-03, -5.3573e-02,  3.3813e-02,  1.8858e-02,
        -1.3711e-02,  1.3178e-03,  5.2246e-02,  9.6529e-02])
demucs.encoder.3.2.weight ---- tensor([[[-0.0501],
         [ 0.0242],
         [ 0.0958],
         ...,
         [-0.1924],
         [-0.6543],
         [-0.2110]],

        [[ 0.3141],
         [-0.0202],
         [-0.2213],
         ...,
         [ 0.5914],
         [-0.2741],
         [-0.0658]],

        [[ 0.4401],
         [ 0.0866],
         [ 0.0223],
         ...,
         [-0.4832],
         [ 0.2051],
         [-0.0908]],

        ...,

        [[ 0.1658],
         [ 0.1156],
         [-0.2033],
         ...,
         [ 0.0020],
         [ 0.4073],
         [-0.8751]],

        [[-0.2757],
         [-0.0791],
         [-0.2877],
         ...,
         [-0.3704],
         [-0.9331],
         [-0.2442]],

        [[-0.1815],
         [ 0.3087],
         [-0.1146],
         ...,
         [ 0.2246],
         [-0.3128],
         [-0.0647]]])
demucs.encoder.3.2.bias ---- tensor([ 3.0752e-02,  2.2275e-02,  3.0918e-02, -5.8453e-02, -9.9980e-02,
        -7.3753e-02, -3.5376e-02, -4.5453e-02,  2.5787e-01,  9.8464e-02,
         6.8339e-02,  1.5799e-02, -1.2011e-01,  1.0646e-01, -7.1693e-02,
        -1.5895e-01,  7.8900e-02, -7.5235e-02, -9.2309e-02,  6.9393e-02,
         1.3478e-01,  5.7333e-02, -2.2726e-01,  1.0768e-01,  3.5731e-01,
        -2.2580e-01, -1.1403e-01,  2.0556e-02,  1.5548e-01, -3.0060e-01,
        -2.9700e-02,  1.7112e-01,  1.2894e-02,  1.7660e-01,  2.4516e-02,
        -8.2729e-03, -2.4784e-01, -6.2186e-02, -9.3203e-02, -1.5014e-01,
        -1.8240e-01, -4.7938e-02, -2.8470e-03,  5.2064e-01, -1.9824e-01,
        -4.2766e-03,  1.4145e-01,  5.0121e-02,  2.1876e-01, -3.9743e-02,
        -1.9136e-01, -4.1047e-03,  6.4764e-02, -2.2959e-01, -1.4148e-01,
         1.4377e-01,  4.1209e-02,  1.9383e-01, -3.5853e-02, -2.3831e-02,
        -2.5503e-02, -1.9616e-01, -1.4699e-01,  2.3688e-01,  2.9064e-02,
         2.1851e-02, -1.4734e-01,  5.1464e-02, -2.5494e-01, -5.5564e-02,
        -3.2259e-02,  1.6046e-01,  3.5728e-01, -3.7770e-01,  3.5276e-01,
         3.2419e-02,  4.1315e-02,  4.9665e-02,  1.4065e-01,  1.4520e-01,
         5.1900e-02,  1.2003e-01, -3.5687e-01, -1.1790e-01, -1.2661e-01,
         8.8170e-02, -2.6174e-02, -1.0516e-01,  1.1514e-01, -8.6320e-02,
         6.7336e-02,  2.3908e-01,  1.2778e-01, -1.8127e-01,  5.9568e-02,
         2.2887e-01,  2.4444e-02,  1.6089e-01, -3.1891e-01, -6.9364e-02,
         1.6128e-01,  3.3563e-02, -1.6582e-01,  9.8958e-02,  1.1160e-01,
        -3.6482e-02,  1.3405e-01,  1.8901e-01, -3.9948e-02, -9.9158e-02,
         2.8998e-01,  4.8089e-02,  1.2070e-01, -1.0414e-01, -4.8840e-02,
         1.7337e-01, -1.7771e-01, -2.6314e-02, -2.2434e-01,  1.3297e-01,
         1.4715e-01,  1.0274e-01, -2.7248e-02, -1.4660e-01, -1.3342e-01,
         2.0614e-03, -1.3652e-01, -3.4939e-02, -5.3583e-02, -7.4073e-02,
        -1.0077e-01, -4.8114e-02, -4.5743e-01,  6.2977e-02, -2.2305e-01,
        -4.0500e-01, -3.8996e-01, -1.3020e-01, -6.4023e-02,  1.0493e-01,
        -8.0272e-02,  2.6660e-02, -4.8420e-02,  7.0566e-02, -2.1375e-01,
        -9.5453e-02,  2.4748e-01, -2.2291e-01,  2.6081e-01, -3.9972e-01,
         4.0853e-02, -1.1958e-01, -1.1445e-01,  9.7515e-02,  1.4174e-01,
        -5.6661e-02, -1.7693e-01, -8.6091e-02, -7.4847e-02, -1.0586e-01,
        -8.5250e-02,  3.6798e-02, -1.7045e-01,  9.2220e-02, -7.1724e-03,
         1.3626e-01, -4.6203e-03,  8.9095e-02, -2.5688e-02, -8.6523e-02,
         1.5545e-03,  5.1984e-03, -1.4198e-01, -3.9807e-02,  7.3105e-02,
         7.9711e-02,  9.0315e-02,  3.0058e-02,  2.1339e-01,  5.5738e-02,
         1.1952e-01, -1.1546e-01, -8.4041e-02, -7.7174e-03, -5.9958e-02,
         1.7181e-02, -7.6813e-02,  7.0289e-02,  9.6541e-03, -7.6600e-02,
         1.5160e-01, -1.4538e-01,  1.5065e-01, -6.6904e-02,  1.1479e-01,
        -1.1754e-01, -1.3202e-01, -2.6880e-02, -3.0668e-02,  1.9473e-01,
         2.3749e-02, -9.7172e-02, -1.6007e-01,  1.7234e-01, -1.6464e-01,
         7.2009e-02, -4.2166e-02, -1.8769e-01,  3.1356e-01,  4.2260e-02,
         6.5356e-02, -6.4514e-02, -3.7447e-02,  1.1491e-01,  8.9204e-02,
        -4.8446e-02, -1.6486e-01, -1.4335e-01,  2.3043e-01,  1.5828e-01,
         1.2803e-01, -2.3229e-01,  1.0371e-01, -1.1476e-01, -2.0487e-01,
        -4.0104e-02, -1.2586e-01,  9.2044e-02,  2.2362e-02,  1.7185e-01,
         2.1507e-02,  4.2135e-02, -1.4588e-01,  2.0442e-01, -2.3576e-02,
         5.0369e-01, -3.0824e-02, -9.4840e-02,  3.2701e-01, -1.1148e-01,
         2.5087e-01,  3.4598e-02,  1.1518e-01,  1.0156e-01, -1.2891e-01,
         1.1139e-01,  1.0612e-01,  7.1059e-02, -4.1892e-02,  1.3610e-01,
        -1.6036e-01, -1.8806e-01, -7.7520e-02, -2.3530e-01, -6.4730e-02,
        -3.3871e-02, -7.4809e-02,  2.5689e-01,  4.6606e-03, -1.5471e-02,
        -1.6747e-03,  1.3433e-01, -7.2725e-03,  9.8539e-02,  2.0713e-02,
        -1.6154e-01, -7.1905e-02, -1.2114e-01,  1.5588e-01,  1.2259e-01,
         1.4990e-01, -1.7535e-01, -4.4335e-02,  6.5308e-02,  4.1752e-02,
        -1.5145e-01,  2.9451e-03,  9.7553e-02,  4.0452e-02, -4.3502e-03,
        -1.6452e-01, -2.9645e-02, -5.0976e-02, -1.8498e-02,  1.1597e-01,
         2.7176e-01,  1.0606e-02, -1.4665e-01,  2.8149e-01,  3.4301e-02,
        -4.5613e-02,  1.2411e-02,  2.6987e-01,  6.3250e-02,  3.4867e-02,
        -2.1969e-01,  9.9202e-02,  8.7167e-02,  1.5086e-01,  1.2028e-01,
         8.3938e-02, -1.3260e-01,  4.0508e-01, -1.0584e-01,  9.6630e-02,
        -1.5980e-01, -1.2419e-01,  7.0086e-02, -7.6469e-02,  9.5988e-02,
        -1.5697e-01, -9.8811e-02,  1.9100e-01,  1.0586e-01,  2.4974e-02,
         4.0626e-04, -3.3487e-02,  4.0457e-02,  1.0012e-01,  1.6343e-01,
         2.4148e-01, -2.2066e-01, -4.0048e-02, -4.4178e-02, -9.8741e-02,
        -9.3032e-02, -6.5355e-03, -2.0455e-01,  8.6237e-02, -4.7394e-02,
         1.2045e-01,  5.2833e-02,  1.4319e-01, -2.1193e-02, -2.6440e-01,
         3.3519e-02, -3.6998e-02,  1.7694e-01, -2.9659e-02, -2.8778e-02,
        -9.8258e-02, -9.2081e-02,  2.9736e-02,  5.7025e-02, -1.1641e-01,
         2.6719e-01, -4.4144e-03,  7.9292e-02,  2.7696e-01, -6.6123e-02,
         8.0557e-02, -1.4144e-01, -8.8785e-02,  3.0575e-01,  1.1728e-01,
        -1.9350e-01, -2.7790e-01,  1.1393e-01,  1.2444e-01, -1.1465e-01,
        -1.8737e-01,  2.7964e-02,  1.8698e-01,  1.4185e-01,  5.4912e-02,
         1.3904e-01,  1.8114e-02,  1.2067e-02,  6.4878e-02, -6.5001e-02,
         8.9879e-03, -4.5645e-02, -7.5152e-02,  2.8214e-02,  4.5183e-02,
        -5.0631e-02,  1.9088e-01,  8.8948e-02, -4.0249e-02, -1.0224e-01,
        -3.7648e-02, -1.2197e-01,  2.8800e-01,  2.1968e-01, -4.9154e-01,
        -4.6367e-01, -5.2462e-01, -5.5948e-01, -4.9695e-01, -3.7018e-01,
        -4.4374e-01, -4.1715e-01, -6.0374e-01, -4.2107e-01, -4.0176e-01,
        -3.5908e-01, -3.4059e-01, -6.0083e-01, -3.0585e-01, -5.7200e-01,
        -5.0855e-01, -2.7028e-01, -3.8852e-01, -4.6007e-01, -3.2620e-01,
        -2.9832e-01, -3.0715e-01, -4.0643e-01, -2.4903e-01, -2.7051e-01,
        -6.6154e-01, -3.9762e-01, -4.8107e-01, -3.5632e-01, -2.7449e-01,
        -8.4582e-01, -2.7422e-01, -5.0481e-01, -2.8102e-01, -4.9703e-01,
        -4.7251e-01, -3.8769e-01, -6.0542e-01, -4.4995e-01, -3.9362e-01,
        -5.1017e-01, -3.2719e-01, -1.6227e-01, -4.2869e-01, -4.5926e-01,
        -5.1467e-01, -3.7416e-01, -4.3381e-01, -1.3826e-01, -3.3678e-01,
        -1.9135e-01, -6.9275e-01, -1.8308e-01, -2.7536e-01, -3.9865e-01,
        -5.2119e-01, -5.8148e-01, -3.5988e-01, -6.4531e-02, -5.2438e-01,
        -3.3996e-01, -5.1516e-01, -3.1763e-01, -2.5049e-01, -4.8368e-01,
        -5.4823e-01, -3.0770e-01, -2.7518e-01, -6.5360e-01, -3.0644e-01,
        -6.9577e-01, -2.5644e-01, -4.0227e-01, -3.1771e-01, -4.9185e-01,
        -4.1144e-01, -4.2050e-01, -3.4235e-01, -2.9742e-01, -4.7696e-01,
        -6.2155e-01, -1.7861e-01, -4.1074e-01, -2.8575e-01, -3.3940e-01,
        -3.1290e-01, -2.8010e-01, -5.7025e-01, -2.7125e-01, -4.6379e-01,
        -2.5952e-01, -5.3623e-01, -1.2831e-01, -3.0684e-01, -2.0714e-01,
        -3.6620e-01, -4.1071e-01, -5.2468e-01, -2.6347e-01, -5.5832e-01,
        -4.9785e-01, -3.6895e-01, -4.6736e-01, -1.2543e-03, -3.5610e-01,
        -3.7416e-01, -4.6429e-01, -2.5559e-01, -3.2824e-01, -2.8128e-01,
        -3.5966e-01, -3.7709e-01, -7.4553e-01, -2.3887e-01, -2.8262e-01,
        -5.4148e-01, -3.8946e-01, -2.4842e-01, -2.2579e-01,  1.2836e-01,
        -4.6565e-01, -5.0745e-01, -5.2475e-01, -1.8315e-01, -4.9226e-01,
        -4.4908e-01, -5.4896e-01, -5.4195e-01, -3.6076e-01, -4.7138e-01,
        -4.6725e-01, -2.6197e-01, -2.7174e-01, -4.5427e-01, -1.9290e-01,
        -2.5009e-01, -5.1467e-01, -2.5027e-01, -4.1720e-01, -3.9504e-01,
        -4.4490e-01,  2.6430e-01, -5.0668e-01, -3.1087e-01, -5.3977e-01,
        -4.9615e-01, -5.5540e-01, -3.1087e-01, -2.7786e-01, -8.3749e-01,
         3.4690e-02, -3.9597e-01, -4.6043e-01, -4.6844e-01, -2.6439e-01,
        -4.5289e-01, -5.7280e-01, -8.6057e-01, -5.2916e-01, -5.5673e-01,
        -4.9482e-01, -6.0060e-01, -6.7989e-01, -3.7330e-01, -2.5122e-01,
        -4.5584e-01, -2.2167e-01, -7.8909e-01, -4.9729e-01, -4.6107e-01,
        -4.9077e-01, -3.6098e-01, -1.8844e-01, -5.8392e-01, -3.9486e-01,
        -2.2184e-01, -2.5660e-01, -2.1473e-01, -1.6603e-01, -5.7376e-01,
        -3.0168e-01, -4.9034e-01, -5.6477e-01, -6.8184e-01, -5.2074e-01,
        -6.1246e-01, -3.8982e-01, -1.2653e-01, -2.5527e-01, -3.0266e-01,
        -2.5857e-01, -2.2666e-01, -3.6919e-01, -4.5181e-01, -4.1404e-01,
        -3.7405e-01, -3.2363e-01, -4.3211e-01, -2.3291e-01, -3.9828e-01,
        -3.0317e-01, -2.4871e-01, -4.6548e-01, -3.4754e-01, -1.6337e-01,
        -4.4382e-01, -7.1243e-01, -2.0198e-01, -2.7185e-01, -5.5794e-01,
        -5.6506e-01, -3.9921e-01, -1.2949e-01, -2.8444e-01, -4.7057e-01,
        -3.8965e-01, -2.3903e-01, -1.9022e-01, -2.8098e-01, -5.6276e-01,
        -3.7422e-01, -3.1755e-01, -1.2028e-01, -2.1178e-01, -3.1541e-01,
        -3.1926e-01, -5.0229e-01, -3.3641e-01, -1.9214e-01, -5.4173e-01,
        -5.0394e-01, -3.0892e-01, -5.7892e-01, -9.3379e-02, -2.8782e-01,
        -4.0220e-01, -2.6075e-01, -2.7174e-01, -2.3153e-01, -4.5336e-01,
        -5.8030e-01, -3.2387e-01, -2.9320e-01, -2.5572e-01, -5.4292e-02,
        -2.8739e-01, -2.5776e-01, -4.0951e-01, -3.4464e-01, -3.8367e-01,
        -4.2635e-01, -5.7736e-01, -3.2547e-01, -4.0010e-01, -1.4128e-01,
        -5.0022e-01, -4.5701e-01, -8.2209e-01, -5.6001e-01, -5.8825e-01,
        -3.9863e-01, -5.3283e-01, -2.1602e-01, -6.3459e-01, -2.4142e-01,
        -3.5512e-01, -3.3660e-01, -5.7593e-01, -2.8520e-01, -3.6300e-01,
        -3.6419e-01, -5.4047e-01, -4.6156e-01, -3.7237e-01, -4.5175e-01,
        -4.3353e-01, -5.1001e-01, -5.6931e-01, -3.1478e-01, -1.6170e-01,
        -3.8888e-01, -3.7507e-01, -6.1266e-01, -4.6817e-01, -8.0088e-02,
        -4.1247e-01, -6.7977e-01, -7.7613e-02, -4.3881e-01, -1.3169e-01,
        -3.3052e-01, -7.1767e-01, -4.4531e-01, -1.4689e-01, -2.4902e-01,
        -2.7536e-01, -2.1892e-01, -4.1265e-01, -5.3483e-01, -2.9618e-01,
        -3.0435e-01, -2.2122e-01, -3.5811e-01, -8.0005e-01, -6.2760e-01,
        -5.6481e-01, -5.3992e-01, -2.9678e-01, -3.7064e-01, -4.7827e-01,
        -5.8593e-01, -2.8376e-01, -4.0177e-01, -6.5152e-01, -5.4377e-01,
        -5.4920e-01, -4.1230e-01, -5.4883e-01, -6.9675e-01, -5.4301e-01,
        -5.1311e-01, -2.7708e-01, -1.5706e-01, -3.8882e-01, -3.5577e-01,
        -5.1267e-01, -1.6464e-01, -2.4293e-01, -4.5192e-01, -5.4294e-01,
        -5.6798e-01, -5.8441e-01, -2.3931e-01, -3.7264e-01, -3.2290e-01,
        -5.9278e-01, -4.6502e-01, -4.7024e-01, -4.4466e-01, -5.8025e-01,
        -1.9794e-01, -4.3436e-01, -2.9747e-01, -2.4947e-01, -1.9054e-02,
        -3.3994e-01, -6.5942e-01, -2.7718e-01, -2.6437e-01, -4.5742e-01,
        -1.1940e-01, -4.8600e-01, -2.6204e-01, -2.3092e-01, -3.5596e-01,
        -3.7858e-01, -3.9118e-01, -2.7853e-01, -2.0940e-01, -6.0959e-01,
        -4.7403e-01, -5.6709e-01, -5.0400e-01, -4.0018e-01, -7.1810e-01,
        -3.1432e-01, -2.7486e-01, -1.6000e-01, -3.7510e-01, -7.7710e-01,
        -3.6466e-01, -5.7701e-01, -3.7923e-01, -3.4143e-01, -4.4787e-01,
        -2.8388e-01, -1.1301e-01, -3.0764e-01, -5.5329e-01, -3.0228e-01,
        -1.8260e-01, -4.5381e-01,  1.6971e-02])
demucs.decoder.0.0.weight ---- tensor([[[ 0.2417],
         [-0.0292],
         [ 0.1959],
         ...,
         [-0.1389],
         [ 0.0770],
         [-0.0433]],

        [[ 0.0575],
         [-0.0575],
         [ 0.0401],
         ...,
         [ 0.1484],
         [ 0.1620],
         [ 0.3594]],

        [[ 0.0398],
         [-0.1356],
         [ 0.5484],
         ...,
         [-0.4958],
         [ 0.4915],
         [ 0.2036]],

        ...,

        [[ 1.2057],
         [-0.1599],
         [-0.1045],
         ...,
         [ 0.2178],
         [ 0.0634],
         [ 0.0551]],

        [[ 0.5999],
         [ 0.0954],
         [ 0.0839],
         ...,
         [-0.1144],
         [ 0.2941],
         [ 0.1853]],

        [[ 0.3862],
         [-0.0991],
         [-0.1028],
         ...,
         [-0.2378],
         [ 0.0637],
         [-0.0364]]])
demucs.decoder.0.0.bias ---- tensor([-3.0111e-01, -7.5593e-01,  4.3975e-01,  4.2052e-03, -6.3369e-02,
         4.9185e-02, -1.8294e-01,  2.2917e-01,  2.7832e-01, -1.0113e-01,
         1.6207e-01, -2.6251e-01,  5.9853e-01, -3.3414e-01, -3.7175e-02,
         3.6717e-02, -8.3045e-02, -1.1979e-01, -1.8426e-01, -1.4752e-01,
         1.0482e-01, -1.1099e-01,  2.4546e-01,  8.9454e-01, -1.3877e-01,
        -1.5934e-02,  4.6442e-01,  3.7577e-01,  6.2163e-01,  9.1991e-02,
        -3.5582e-02,  1.5011e-01, -2.0002e-01, -3.4047e-01, -3.2311e-01,
         3.5176e-01, -5.4744e-01,  2.0764e-01,  1.8466e-01,  3.4501e-02,
         1.4171e-01,  4.2457e-01,  9.7107e-02, -4.1927e-02, -3.4953e-01,
        -1.4083e-01,  6.0491e-02, -3.0081e-01,  3.7859e-01,  9.5085e-02,
        -3.0064e-01,  6.2764e-01, -1.9571e-01, -5.0146e-02, -2.7113e-03,
         2.4339e-01, -5.0453e-03,  5.3053e-01, -2.6302e-02, -3.9629e-01,
        -1.5446e-01,  1.5415e-01,  4.8219e-01, -6.9954e-01,  4.8000e-01,
         8.7937e-02,  1.3388e-01,  5.0634e-02, -6.1526e-01,  9.5183e-02,
        -3.0220e-01, -4.7944e-01, -1.1966e-01,  5.4533e-01,  1.4597e-02,
         1.5499e-01, -5.8349e-01, -2.9400e-01, -3.8847e-01, -1.2621e-01,
        -1.8189e-01, -3.9834e-01,  5.9284e-02,  3.9380e-01,  4.2237e-01,
         1.7748e-01, -1.5385e-01,  9.6926e-02,  5.3214e-01,  1.2300e-01,
        -3.8257e-01, -1.5450e-01,  5.1369e-01,  4.6886e-01,  3.6029e-01,
         4.7608e-01, -3.6112e-01,  1.1985e-01, -1.7182e-01, -3.4774e-01,
         5.0644e-01,  4.4924e-01, -3.7063e-01,  1.8361e-01,  4.3309e-02,
         1.9161e-01,  4.2940e-01,  1.2032e-01,  7.4485e-01,  2.3241e-01,
        -2.1055e-01,  1.4178e-01,  8.0272e-02, -1.8586e-01, -2.8835e-01,
        -4.2360e-01, -3.5466e-01, -4.4572e-01,  1.0353e-02,  1.4373e-02,
         2.3250e-02, -5.1869e-01,  4.7740e-01,  2.4631e-01, -1.6094e-02,
        -3.8335e-01, -2.5943e-01,  5.0540e-01,  2.1975e-01,  9.3501e-02,
         2.1579e-01, -9.3302e-02, -2.0763e-01, -3.2237e-01,  2.4866e-01,
         4.4140e-01, -1.8778e-01,  6.5995e-02,  1.3187e-01,  3.0852e-01,
         7.4315e-01, -1.7573e-01, -3.2040e-01, -1.3811e-01,  2.1786e-02,
         1.3476e-01, -6.4240e-01,  5.9130e-01,  6.5548e-02,  1.4766e-01,
         4.0324e-01, -1.1303e-01, -1.6832e-01,  5.1860e-02, -6.7017e-01,
         4.7934e-02,  3.7469e-01,  2.4130e-01, -1.3003e-01, -1.1048e-01,
         9.1966e-02, -9.9491e-01, -2.1913e-01, -1.2071e-01,  1.0391e-01,
         5.9396e-01, -9.9105e-02,  2.6165e-01,  4.6788e-01, -3.8631e-01,
         1.0071e+00, -1.6493e-01,  2.7803e-01, -6.5471e-01, -4.9223e-01,
        -5.5611e-01,  5.2933e-01, -1.2788e-01, -1.6633e-01,  4.1627e-01,
         4.8996e-01, -4.8197e-01, -2.5350e-01,  6.1845e-01, -4.7654e-01,
         1.4633e-01,  2.0702e-01, -1.0754e-02,  3.1311e-01,  1.6057e-01,
        -1.5415e-01,  7.6958e-01,  2.2015e-01, -6.1861e-02,  5.0450e-03,
         9.4467e-02,  6.8746e-01,  5.8262e-02, -7.4123e-01,  8.9022e-04,
         2.1685e-01, -2.6052e-01, -2.0615e-02,  5.8784e-01, -1.0913e-01,
        -3.4868e-02, -1.1786e-02,  6.7016e-01,  5.7869e-02,  6.8019e-01,
         2.1045e-01,  1.7142e-01, -4.9023e-01, -5.2873e-01, -1.0472e-01,
        -1.1182e-01,  4.4353e-01,  5.6596e-02, -2.2497e-01,  6.5651e-01,
        -4.7509e-01, -9.5555e-03,  3.7659e-01,  2.4042e-01,  2.4121e-01,
        -2.0497e-01,  2.8679e-01,  2.4472e-01,  5.7717e-01,  1.9992e-01,
         1.7961e-02, -2.5699e-01, -1.8681e-01, -9.3434e-02,  7.1291e-01,
        -3.7331e-01,  2.2585e-01,  4.1971e-01,  3.9510e-01, -2.9056e-01,
        -5.0283e-01, -1.1118e-01, -1.6621e-01, -4.0793e-01,  2.3433e-01,
         2.5100e-01, -1.2882e-01,  4.8540e-01,  1.7139e-01,  3.2148e-01,
        -4.9782e-01, -2.5327e-01,  6.4584e-01, -5.8519e-02, -1.6154e-01,
         2.5247e-01, -5.6429e-01, -2.1406e-01,  2.5674e-02,  2.0114e-01,
         4.4946e-01,  5.0204e-02,  4.0301e-01, -3.3194e-01, -7.7796e-01,
        -2.6421e-02,  1.1499e-01,  1.0506e-01,  2.9910e-01,  3.6016e-01,
         2.0621e-01,  5.0598e-01, -1.9197e-01, -9.1301e-02,  5.3508e-01,
         2.5863e-01, -1.6749e-01, -1.4031e-01, -2.5052e-01, -1.8080e-01,
         4.6301e-01, -1.3132e-01,  2.9643e-01,  1.4374e-01,  5.6932e-01,
         2.1410e-01,  5.0386e-02, -2.5054e-02,  3.6501e-01, -9.0793e-01,
        -2.7070e-02, -9.0427e-02, -2.3569e-01,  2.9929e-01,  1.1693e-01,
         2.3306e-01,  2.6308e-01,  5.4048e-02, -1.7884e-01,  4.1992e-01,
        -3.9128e-01, -1.1985e-01,  3.8175e-01,  1.6635e-01, -4.2206e-01,
         3.5436e-01,  2.0594e-01, -5.5751e-01,  3.5373e-01,  8.2108e-02,
        -2.7314e-02,  7.2959e-01, -5.9791e-01, -1.8563e-02,  2.4392e-01,
        -2.9282e-01,  1.5581e-01, -4.0362e-01, -1.6796e-01, -9.4007e-01,
        -1.2682e-01,  1.5614e-01, -2.6396e-02, -4.3355e-01, -5.4073e-01,
        -4.3252e-01, -2.3321e-01, -5.0782e-01, -6.3211e-01,  2.1998e-01,
         7.6966e-01,  1.2854e-01, -2.2510e-01,  1.2526e-01,  9.1161e-02,
         1.9150e-01,  1.8903e-01,  2.8124e-01, -3.0439e-01,  6.7337e-01,
         6.8099e-02,  3.7974e-01, -3.4366e-01,  5.3083e-01,  6.0817e-01,
         4.1858e-02,  1.4997e-01, -1.0083e+00, -9.5835e-01, -2.2423e-01,
        -2.5029e-01, -4.2005e-01, -3.7475e-03,  1.3218e-01,  7.0326e-01,
        -1.9978e-01,  1.8853e-01, -9.2081e-01, -2.8503e-01, -1.2737e-01,
         5.0928e-01,  2.9968e-01, -4.8760e-01,  4.7413e-01, -2.0914e-01,
         5.4924e-01, -1.8520e+00, -8.0331e-01,  2.0391e-01,  2.1483e-01,
        -2.5089e-01,  2.0952e-01, -4.3674e-01,  3.3868e-01, -5.4669e-01,
         3.1947e-01,  7.5283e-03, -4.0212e-02, -2.0510e-02, -2.6860e-01,
        -1.6824e-01,  1.5636e-01,  2.6717e-01,  1.9158e-01, -1.6330e+00,
        -7.5790e-01, -5.5170e-01, -7.2587e-01, -5.9970e-01,  1.5661e-02,
        -1.0810e+00, -1.2075e+00, -1.6491e+00, -1.2855e+00, -1.2887e+00,
        -4.1150e-01, -1.6999e+00, -9.1197e-01, -5.2114e-01, -8.5445e-01,
        -8.8459e-01, -1.2091e+00, -9.5125e-01,  4.8912e-02, -4.0662e-01,
        -3.1325e-01, -2.0099e+00, -9.2542e-01, -1.0494e+00, -8.0992e-01,
        -4.5592e-01, -3.7490e-01, -1.2048e+00, -7.8255e-01, -8.3414e-01,
        -1.5995e+00, -1.5874e+00, -1.2228e+00, -1.4731e+00, -1.2537e+00,
         4.0972e-01, -1.1714e+00, -1.6106e+00, -5.6846e-01, -1.0614e+00,
        -1.3843e+00, -1.6651e+00, -9.2030e-01, -8.5190e-01, -1.4533e+00,
        -9.9695e-01, -5.1033e-01, -7.6346e-01, -7.8368e-01, -1.1817e+00,
        -4.2439e-01, -7.2505e-01, -9.8407e-01, -1.4798e+00, -1.4611e+00,
        -1.1368e+00, -1.8194e+00, -1.2088e+00, -8.0297e-01, -4.9381e-01,
        -1.0487e+00, -1.0527e+00, -5.9868e-01, -4.5991e-01, -1.1901e+00,
        -1.8963e+00, -6.0713e-01, -8.1342e-01, -1.8689e-01, -9.6761e-01,
        -7.7538e-01, -1.0393e+00, -1.4841e+00, -4.7013e-01, -9.1007e-01,
        -1.6700e+00, -6.3465e-01, -1.1337e+00, -8.4504e-01, -1.1114e+00,
        -1.3470e+00, -1.2594e+00, -4.5883e-01, -9.0265e-01, -1.2443e+00,
        -8.1812e-01, -1.6823e+00, -9.2745e-01, -1.1742e+00, -1.6501e+00,
        -7.9854e-01, -9.5880e-01, -1.3437e+00, -1.3584e+00, -1.0264e+00,
        -9.6111e-01, -1.3628e+00, -1.0557e+00, -1.4013e+00, -7.9686e-01,
        -1.2591e+00, -1.3464e+00, -1.1283e+00, -7.6005e-01, -9.3740e-01,
        -1.1298e+00, -1.3220e+00, -1.2804e+00, -1.1251e+00, -1.7522e+00,
        -1.3861e+00, -1.2053e+00, -5.9927e-01, -1.1986e+00, -2.1362e+00,
        -1.4184e+00, -2.0453e+00, -1.1004e+00, -7.0711e-01, -9.5946e-01,
        -1.6528e+00, -9.0052e-01, -1.0491e+00, -1.4504e+00, -1.0117e+00,
        -1.0080e+00, -1.7924e+00, -1.6690e+00, -8.6355e-01, -8.3001e-01,
        -1.1928e+00, -6.6171e-01, -1.5543e+00, -1.1195e+00, -1.1242e+00,
        -5.4084e-01, -1.2734e+00, -5.3153e-01, -1.1181e+00, -9.2589e-01,
        -1.2252e+00, -1.2436e+00, -1.4571e+00, -1.2449e+00, -4.6451e-01,
        -5.1461e-01, -7.3164e-01, -8.2587e-01, -9.8271e-01, -1.0922e+00,
        -7.4974e-01, -1.2069e+00, -1.1201e+00, -4.2187e-01, -1.1289e+00,
        -5.0723e-01, -1.4015e+00, -6.4050e-01, -1.5581e+00, -1.5564e+00,
        -1.0068e+00, -1.0256e+00, -9.2323e-01, -1.4363e+00, -8.7809e-01,
        -9.6702e-01, -1.0814e+00, -1.0620e+00, -1.2535e+00, -2.4877e+00,
        -1.7439e+00, -1.6692e+00, -8.5505e-01, -3.1619e-01, -3.3863e-01,
        -7.2047e-01, -1.2278e+00, -9.7399e-01, -1.0156e+00, -7.4098e-01,
        -1.2240e+00, -1.1205e+00, -1.2691e+00, -9.4315e-01, -9.3473e-01,
        -1.1537e+00, -9.5973e-01, -1.2337e+00, -1.3309e+00, -1.1625e+00,
        -2.2875e-01, -1.0361e+00, -8.4644e-01, -8.8272e-01, -1.7375e+00,
        -1.3658e+00, -1.0279e+00, -6.3516e-01, -1.2951e+00, -1.0539e+00,
        -1.1348e+00, -1.1295e+00, -1.1474e+00, -1.0512e+00, -5.9377e-01,
        -2.4248e-01, -1.0178e+00, -5.3369e-01, -8.0347e-01, -1.0403e+00,
        -2.5351e-01, -2.3057e-01, -1.6201e+00, -8.3984e-01, -6.4748e-01,
        -9.6353e-01, -1.0367e+00, -4.4902e-01, -1.8902e+00, -5.5039e-01,
        -1.1983e+00, -8.8134e-01, -1.1086e+00, -1.0739e+00, -1.3074e+00,
        -6.7981e-01, -1.4517e+00, -1.1228e+00, -1.2343e+00, -1.0125e+00,
        -8.6654e-01, -5.4290e-01, -2.0751e+00, -2.0412e+00, -9.1082e-01,
        -6.6845e-01, -8.4072e-01, -7.4387e-01, -1.0859e+00, -3.4346e-01,
        -1.1483e+00, -4.3558e-01, -1.1412e+00, -4.6159e-01, -1.3328e+00,
         1.0924e-02, -5.8788e-01, -1.1580e+00, -1.6433e+00, -1.6271e+00,
        -1.5010e+00, -5.4468e-01, -1.0141e+00, -8.3206e-01, -1.0948e+00,
        -1.2152e+00, -3.2784e-01, -7.5095e-01,  4.8026e-02, -9.7256e-01,
         4.7951e-02, -1.0248e+00, -6.5601e-01, -8.9376e-01, -9.6236e-01,
        -8.1809e-01, -1.0789e+00, -1.8261e+00, -1.4943e+00, -1.2383e+00,
        -9.8455e-01, -5.8635e-01, -1.3561e+00, -8.4777e-01, -1.0576e+00,
        -8.7656e-01, -1.3366e+00, -1.7286e+00, -1.3413e+00, -9.5751e-01,
        -9.9870e-01, -9.8732e-01, -6.2673e-01, -6.4935e-01, -7.3262e-01,
        -1.1089e+00, -8.0983e-01, -1.8996e+00, -1.6043e+00, -7.9226e-01,
        -1.3296e+00, -9.8429e-01, -1.0613e+00, -3.9007e-01, -1.1609e+00,
        -7.9836e-01, -1.2844e+00, -4.4276e-01, -1.3221e+00, -5.5715e-01,
        -1.1023e+00, -8.9004e-01, -1.3248e+00, -9.6527e-01, -2.0419e+00,
        -1.6032e+00, -5.8628e-01, -8.5373e-01, -2.3530e-01, -1.2962e+00,
        -9.7158e-01, -3.9206e-01, -9.5411e-01, -7.8601e-01, -8.5867e-01,
        -7.9753e-01, -9.3682e-01, -9.1113e-01, -1.2551e+00, -9.5450e-01,
        -1.5403e+00, -9.2405e-01, -1.1688e+00, -3.1825e-01, -1.6370e+00,
        -1.2203e+00, -9.6475e-01, -6.1572e-01, -1.1081e+00, -1.4634e+00,
        -8.0480e-01, -1.1976e+00, -8.4949e-01, -1.5093e+00, -1.5560e+00,
        -1.2605e+00, -1.1027e+00, -1.9415e+00, -1.0983e+00, -7.9747e-01,
        -1.0333e+00, -1.1359e+00, -1.1475e+00, -1.6552e+00, -8.4352e-01,
        -1.0251e+00, -5.5724e-01, -1.1075e+00, -6.0229e-01, -2.0856e+00,
        -8.8061e-01, -8.7496e-01, -3.2052e-01, -8.2192e-01, -6.0928e-01,
        -1.8378e+00, -2.3612e+00, -1.5353e+00, -1.2441e+00, -1.3145e+00,
        -6.3209e-01, -8.8318e-01, -5.0153e-01, -1.3517e+00, -6.2837e-01,
         3.4679e-01, -4.4356e-01, -1.0759e+00, -1.2065e+00, -1.4059e+00,
        -1.1544e+00, -1.2528e+00, -6.3424e-01, -1.1317e+00, -9.2350e-01,
        -1.2651e+00, -5.3347e-01, -1.3665e+00, -1.6872e+00, -1.2481e+00,
        -5.4041e-01, -1.7205e+00, -4.1574e-01])
demucs.decoder.0.2.weight ---- tensor([[[ 9.2730e-01, -6.2686e-01, -5.7740e-01,  ..., -4.2492e-01,
          -6.4144e-01, -1.1070e-01],
         [-1.6932e-01, -1.3577e-01, -8.5293e-02,  ...,  5.6713e-02,
           8.9082e-02, -7.8294e-03],
         [-9.0577e-02,  4.1838e-02,  5.4457e-02,  ..., -1.2895e-01,
          -2.5776e-01, -5.5363e-01],
         ...,
         [ 1.5175e-01,  1.3859e-01,  7.1951e-02,  ..., -4.0642e-02,
          -1.6090e-01, -4.6985e-02],
         [-1.0247e-01, -1.3689e-01, -1.9208e-01,  ..., -1.3135e-01,
          -4.2465e-02, -1.9117e-02],
         [ 1.3280e-02, -1.6216e-01, -3.2653e-01,  ...,  3.8499e-02,
           4.1376e-01,  4.3068e-01]],

        [[ 1.6115e-01, -1.2427e-01, -4.5975e-01,  ...,  2.0599e-01,
          -2.0200e-01,  3.1308e-01],
         [ 1.6621e-02,  1.1892e-01,  4.2771e-01,  ...,  3.5003e-03,
          -2.1124e-01,  5.3160e-01],
         [-3.5244e-01,  2.7578e-01,  1.7302e+00,  ..., -4.6279e-02,
          -9.5119e-01, -7.3909e-01],
         ...,
         [-7.2208e-02, -6.7819e-03, -5.1255e-01,  ...,  3.0459e-01,
           3.9554e-01, -4.7172e-03],
         [ 1.5844e-02, -2.5003e-02, -1.6846e-01,  ...,  6.7648e-02,
           1.4828e-01, -1.3727e-02],
         [-3.6636e-02, -8.2072e-02,  9.1303e-02,  ..., -3.2838e-02,
          -1.2570e-01, -1.4482e-01]],

        [[ 2.7170e-01,  6.1086e-01,  4.9521e-01,  ...,  3.0344e-01,
           5.1818e-01,  1.2684e-01],
         [ 5.4366e-02, -1.2905e-01, -3.8389e-01,  ...,  1.1446e-01,
          -4.3907e-01, -9.6968e-04],
         [-1.0325e-02, -2.3240e-02,  4.4068e-02,  ..., -6.9573e-01,
          -8.3522e-01, -6.4479e-01],
         ...,
         [ 5.4397e-02, -4.1677e-02,  1.7660e-01,  ...,  3.0915e-01,
          -1.1049e-02, -1.5531e-01],
         [ 1.3039e-01,  2.6930e-01,  1.6504e-01,  ..., -7.6382e-02,
           1.0296e-01,  8.1423e-02],
         [ 2.6176e-02,  6.2206e-02,  9.2639e-02,  ..., -1.0057e-01,
          -8.9378e-02,  2.4335e-02]],

        ...,

        [[-6.9142e-02,  2.7732e-02, -4.8761e-02,  ..., -2.7304e-01,
          -1.8425e-01, -9.7723e-02],
         [ 2.9942e-01, -5.8173e-01, -6.3573e-01,  ...,  5.6668e-01,
           5.2482e-01, -1.7889e-01],
         [-1.2991e-01, -4.0543e-01, -1.1102e-01,  ...,  3.9467e-01,
           4.1334e-02, -1.0460e-01],
         ...,
         [ 1.3977e-02,  3.7143e-01,  5.8100e-01,  ..., -8.6367e-01,
          -6.9032e-01,  1.6819e-01],
         [ 1.0979e-02, -2.2544e-01, -4.0622e-01,  ...,  3.2461e-01,
           1.9117e-01,  2.9603e-02],
         [ 5.2953e-02, -1.0792e-01,  7.9958e-02,  ..., -2.3399e-01,
          -1.7298e-01, -1.7902e-01]],

        [[ 6.0714e-01, -8.1967e-01, -1.1599e+00,  ...,  9.2381e-02,
          -8.4157e-01,  2.7123e-01],
         [ 1.9034e-01, -7.0634e-02, -3.1142e-01,  ..., -2.0077e-02,
          -1.8880e-01,  5.6820e-02],
         [-1.5938e-01, -1.0979e+00, -1.9941e+00,  ..., -3.2751e-01,
          -5.1094e-01, -9.7273e-01],
         ...,
         [ 1.4941e-01,  1.4885e-02, -2.6202e-01,  ...,  1.4586e-01,
           8.3066e-02, -3.4162e-01],
         [ 1.8981e-01,  1.3030e-01,  2.3502e-02,  ...,  2.8146e-01,
           1.8608e-01,  1.4727e-02],
         [-5.4134e-01, -5.3254e-01, -5.2791e-01,  ..., -3.7858e-01,
          -1.0791e-01, -2.1736e-02]],

        [[-8.8893e-02,  1.2355e-01,  5.6150e-02,  ...,  1.4307e-01,
          -7.6149e-02, -4.7427e-01],
         [-1.6105e-02,  3.1804e-01,  9.5825e-02,  ..., -9.3830e-02,
           6.7302e-02, -4.4224e-02],
         [ 6.5533e-02, -6.3836e-02, -3.0474e-01,  ..., -2.3708e-01,
           1.5553e-02,  2.2504e-02],
         ...,
         [-3.9461e-02,  1.4369e-01,  3.9763e-02,  ...,  2.3715e-01,
           2.9865e-01,  2.5512e-01],
         [ 1.8761e-01,  1.9357e-01,  3.3215e-01,  ...,  1.7170e-01,
           1.6380e-02, -3.9593e-02],
         [ 2.5517e-01,  1.3814e-01,  2.8416e-01,  ...,  2.6867e-01,
           1.7957e-01,  2.7906e-01]]])
demucs.decoder.0.2.bias ---- tensor([-1.3271e-02, -3.1997e-02,  4.3274e-02, -1.1223e-01,  1.7458e-02,
         6.5311e-02,  1.0226e-02,  2.9317e-02, -2.7716e-02,  7.1311e-04,
        -1.2080e-01, -6.9961e-02,  2.0963e-02,  4.1764e-03,  3.3518e-01,
         1.2499e-02,  1.8093e-01,  7.1577e-02,  1.1737e+00,  2.0439e-02,
        -4.5139e-03,  7.8350e-02,  5.8524e-02,  2.6089e-02,  7.0021e-03,
         2.2235e-02,  2.6464e-02,  1.1099e-01,  6.4837e-01,  4.6619e-01,
         1.0391e-01, -4.3182e-01,  1.0119e-01,  1.3969e-01, -1.7417e-01,
        -8.4813e-02,  4.3419e-03, -1.6732e-03,  1.1589e-01,  2.2111e-01,
         3.1121e-01,  8.7293e-02, -5.8683e-02, -4.7898e-02,  1.4806e-01,
         4.7856e-02, -1.0854e-01, -6.1114e-02,  2.8399e-01, -4.2885e-02,
         3.9176e-03,  1.9270e-01,  9.7349e-02,  1.0710e-01,  4.3938e-02,
         2.8511e-01,  1.5365e-02,  1.7459e-02, -1.0521e+00,  4.7965e-02,
         1.7509e-02,  8.0162e-02,  2.7256e-01,  1.9746e-02, -1.6387e+00,
        -5.6393e-02,  8.9483e-02, -6.1159e-02,  4.9107e-02, -3.4853e-03,
         4.8409e-02,  3.9915e-02, -2.0273e+00,  4.4056e-04,  1.5066e-02,
         1.3362e-01,  1.9008e-01, -4.1729e-02,  5.9055e-02, -7.1426e-02,
         3.4565e-02,  1.8820e-01,  9.5563e-02,  1.3483e-01,  1.1505e-01,
         1.1448e-01,  2.2559e-01,  2.4612e-01,  6.8236e-02,  1.3892e-01,
         2.1224e-01,  4.4109e-02,  2.5194e-02,  3.2947e-02, -5.7056e-02,
        -1.2619e-01,  2.1297e-02, -7.9838e-02,  8.6668e-02,  2.1863e-01,
         1.2136e-01,  1.6761e-01,  7.4773e-02,  7.8785e-02,  7.6869e-02,
         6.0979e-02, -3.6954e-02,  4.7137e-02,  8.7962e-02, -1.2963e+00,
         1.9200e-01,  3.1667e-02,  3.6422e-02, -3.5787e-02, -7.8362e-03,
         2.2553e-01,  2.3194e-02, -1.0485e-01, -1.6509e-02,  6.9148e-02,
        -1.6502e+00, -7.0695e-02, -2.0199e-01, -4.2139e-02,  6.1426e-02,
         1.3365e-01,  1.6652e-01,  1.1414e-01,  1.6652e-01, -1.3385e+00,
         1.3268e-01, -8.5276e-01,  4.3382e-02,  3.7600e-02,  1.6883e-01,
         3.7794e-01, -1.8347e+00,  5.2790e-02,  3.2248e-01, -1.4064e-01,
         2.1941e-02,  2.8903e-02,  3.7427e-01, -7.6601e-02, -1.0788e-01,
        -2.7138e+00,  1.7040e-01,  1.4236e-01, -3.8302e-01, -3.8331e-02,
         6.8245e-02, -3.6972e-02,  1.5441e-01, -4.5936e-01,  1.9543e-02,
        -6.5442e-02,  3.5418e-02,  2.1285e-02,  9.0107e-02,  1.7843e-01,
        -6.1441e-02, -1.5627e+00,  3.2380e-01,  1.0336e-01,  1.9352e-01,
        -9.8048e-02,  1.1348e-01,  3.5335e-01,  1.1900e-01, -1.8439e+00,
        -8.8039e-02, -4.1521e-02,  3.6139e-02, -4.5624e-01,  8.9322e-02,
         2.2793e-02,  8.8330e-02, -4.2521e-02,  2.7963e-02, -4.9194e-01,
         2.3670e-01,  2.9323e-02, -3.8943e-02,  5.0244e-02,  7.8506e-02,
         3.5269e-02,  1.8469e-02,  5.7904e-03, -6.2938e-02,  9.8060e-03,
         1.6796e-01, -5.4773e-02])
demucs.decoder.1.0.weight ---- tensor([[[-0.7060],
         [-0.6548],
         [ 0.3776],
         ...,
         [ 0.2733],
         [-0.3954],
         [ 0.4106]],

        [[-0.1303],
         [ 0.1315],
         [ 0.0990],
         ...,
         [-0.1379],
         [ 0.2112],
         [-0.2629]],

        [[-0.1270],
         [ 0.1237],
         [ 0.0449],
         ...,
         [-0.1579],
         [ 0.4198],
         [-1.6179]],

        ...,

        [[-1.2747],
         [-0.0058],
         [ 0.3200],
         ...,
         [-1.0166],
         [-0.1116],
         [-1.5997]],

        [[ 0.3958],
         [ 0.2623],
         [-0.1430],
         ...,
         [-0.1053],
         [ 0.1571],
         [-2.7073]],

        [[-0.4205],
         [ 0.0604],
         [ 0.1333],
         ...,
         [-0.0348],
         [-0.1178],
         [-0.4687]]])
demucs.decoder.1.0.bias ---- tensor([-1.2049e-01,  1.3969e-01, -2.7817e-01,  6.7476e-02, -1.4448e-03,
        -5.7792e-02,  7.8487e-02,  4.3097e-02, -2.4116e-01,  1.0431e-02,
        -1.1971e-01,  1.5832e-01, -1.1471e-01, -9.2490e-02, -2.2457e-01,
         1.0215e-01, -1.3715e-02,  1.3924e-01, -2.8517e-01, -4.5379e-02,
        -7.5316e-01, -1.2394e-01, -5.5024e-02,  2.3304e-01, -8.3207e-02,
        -1.7635e-01,  1.0119e-02, -2.7778e-01, -7.3957e-03,  7.7889e-02,
         1.8460e-02,  1.1416e-01, -4.6454e-02, -2.8713e-02, -1.2340e-01,
         2.6029e-01, -2.7252e-03, -8.9600e-03,  1.5931e-01, -1.9776e-01,
         2.6702e-01,  5.6595e-02,  1.7969e-01, -2.3123e-01,  9.6098e-02,
         1.5181e-01,  3.6381e-01,  1.0370e-01, -6.0031e-02,  2.8191e-01,
        -3.7353e-02,  8.4158e-02, -3.9143e-01, -5.4015e-01,  7.6600e-03,
        -1.2934e-01,  6.4404e-02, -2.4418e-02,  2.5614e-02, -4.9481e-02,
         1.8515e-01,  2.4346e-01,  3.1503e-01,  3.7001e-01, -3.3830e-01,
        -5.6944e-03, -3.1960e-02, -4.0830e-02, -1.2166e-02, -3.9683e-01,
         1.0961e-01, -9.0462e-02, -1.1535e-01, -1.0829e-01,  1.1859e-01,
         1.5860e-01,  2.4078e-01, -7.4476e-02,  2.9522e-01,  2.8185e-03,
        -7.5481e-02,  2.4628e-01, -1.6414e-01,  6.0602e-02,  1.1093e-01,
        -3.0924e-03,  2.6529e-01,  1.9899e-01, -2.2344e-01, -7.3736e-02,
         7.6839e-01,  1.1417e-01,  2.4732e-01,  4.3425e-02,  1.2304e-01,
        -1.0483e-01, -7.4846e-01,  4.3025e-03,  4.8829e-02, -2.7510e-01,
        -1.5247e-01, -2.7218e-02,  1.4969e-02, -1.4299e-01, -1.4554e-01,
        -2.0358e-01, -1.6210e-01,  2.4856e-03, -2.3875e-01,  1.0089e-01,
         7.2973e-02,  2.1420e-01,  1.7621e-01, -4.4347e-01,  2.7634e-01,
         3.4228e-01,  8.3419e-02,  1.5952e-01,  9.8875e-02,  5.1488e-01,
        -1.1288e-01, -9.8446e-02,  3.5620e-02, -2.5741e-01,  2.2950e-01,
        -9.5598e-02,  5.0804e-02, -9.9179e-03,  2.2430e-01,  4.8504e-01,
         3.7404e-02, -1.4372e-01,  4.6776e-02,  4.1457e-01,  1.2080e-03,
         7.4615e-02, -3.0940e-01,  1.3939e-02,  1.9922e-02,  5.3786e-01,
         6.9473e-02,  1.0421e-03,  1.6115e-02,  3.4334e-01,  1.4806e-01,
        -1.2764e-02,  7.8810e-02, -1.1368e-01,  7.1887e-02,  7.1091e-02,
         2.9888e-01,  1.8650e-02,  1.1659e-01, -2.7109e-02, -1.1519e-01,
        -1.6672e-01, -1.0542e-01, -1.7750e-01, -9.3198e-02, -5.2532e-02,
        -1.0452e-01,  2.3961e-01, -2.8731e-01, -3.2267e-01,  2.1572e-01,
        -2.0580e-01, -1.9404e-01, -1.8788e-02,  1.5449e-01,  1.5740e-01,
         2.0478e-01,  1.4437e-01,  2.3302e-01, -3.4690e-02, -6.4158e-02,
        -9.0434e-03,  2.8451e-01,  5.1446e-02,  7.3379e-03, -2.7228e-01,
         5.2856e-02,  4.3564e-02, -2.5057e-01, -1.3292e-01, -1.8826e-01,
         7.1171e-02,  7.7203e-03, -4.1824e-02, -2.9416e-02,  2.7302e-02,
         6.7213e-02,  8.8166e-02, -4.8432e-01, -5.9739e-01, -3.9529e-01,
        -5.4376e-01, -3.5532e-01, -9.2199e-01, -6.1948e-01, -1.3739e+00,
        -3.5389e-01, -4.8739e-01, -1.0073e+00, -3.0414e-01, -6.0153e-01,
        -1.9186e+00,  2.2687e-01, -2.0602e-01, -4.8808e-01, -3.0830e-01,
        -1.8081e+00, -6.4836e-01,  2.2496e-01, -7.5867e-01, -4.4807e-01,
        -1.6962e+00, -5.9340e-01, -8.9987e-01, -4.2673e-01, -3.2945e-01,
        -1.1480e+00, -6.8596e-01, -5.2437e-01, -1.2561e+00, -1.3949e+00,
        -2.7278e-01, -8.1871e-01, -8.8302e-01, -6.6301e-01, -9.9270e-01,
        -1.5430e+00,  7.8446e-02, -1.0900e+00, -1.2172e+00, -9.8603e-02,
        -3.0082e-01, -2.4188e-01, -7.1667e-01, -1.0927e+00, -6.1755e-01,
        -4.7941e-01, -5.9833e-01, -1.0306e+00, -6.1128e-01,  1.6589e-01,
        -1.0151e+00, -3.3349e-01, -5.6341e-01, -6.5427e-01, -4.2683e-01,
        -9.3735e-02, -5.1386e-01, -2.4570e-01, -8.6358e-01, -1.1811e+00,
        -7.4505e-01, -9.4602e-01,  1.3692e-01, -5.0560e-01, -4.3641e-01,
        -4.7017e-01, -8.5829e-01, -1.4434e+00, -4.0778e-01, -3.7345e-02,
         1.9575e-01, -3.2521e-01, -4.0537e-01, -9.4847e-01, -1.0109e+00,
        -1.4827e+00, -5.9935e-01, -4.2934e-01, -6.5446e-01, -5.6397e-01,
        -3.7841e-03, -1.5678e-01, -1.5791e+00, -1.5753e+00, -1.1856e+00,
        -6.8996e-01, -3.2387e-01, -2.2058e+00, -6.4346e-01, -4.3100e-01,
        -3.9981e-01, -3.2158e-01, -7.4584e-01, -7.5190e-01, -2.2671e-01,
        -5.2947e-01, -9.3270e-01, -1.8381e+00, -5.1836e-01, -4.5937e-01,
        -1.0417e+00, -9.0400e-01, -6.4062e-01, -8.8454e-01, -3.2773e-03,
        -1.4677e+00, -6.0387e-01, -7.4072e-01, -1.5596e+00, -3.5094e-01,
        -7.8883e-01, -1.4838e+00, -1.0872e+00, -8.2217e-01, -1.1421e+00,
         6.2522e-02, -7.3023e-01, -1.1757e+00, -2.9382e-01,  7.9867e-02,
        -7.4704e-01, -1.2419e+00, -5.7086e-01, -6.8328e-01,  7.6817e-02,
        -9.8380e-01,  7.8736e-02, -6.1988e-01, -1.7716e-01,  3.8016e-02,
        -2.7359e-01,  9.1511e-02, -1.9671e-01, -9.5772e-01, -7.5481e-01,
        -3.6310e-01, -9.8754e-01, -4.0232e-01, -6.8286e-01, -6.6671e-01,
        -1.7890e+00, -1.2784e+00, -3.3170e-01, -3.9761e-01, -1.6478e+00,
        -1.2613e+00, -1.6671e+00, -6.8552e-01, -3.6649e-01, -2.2250e-01,
        -7.2137e-01, -1.8108e+00, -7.9916e-01, -1.2371e+00, -1.0030e+00,
        -7.3682e-01, -5.5587e-01, -1.5498e+00, -4.8504e-01, -1.8170e+00,
        -8.2419e-01, -7.1844e-01, -6.4406e-01, -1.1108e+00, -4.4130e-01,
        -4.6419e-01, -5.6402e-01, -8.8014e-01, -5.3554e-01, -9.5551e-01,
        -7.6515e-01, -8.2624e-01, -4.3542e-01, -2.8435e-01, -3.8330e-01,
         8.6829e-02, -1.1511e+00, -5.3280e-01, -1.0877e+00,  3.2280e-02,
        -1.6969e-01, -1.4172e-01, -6.8580e-01, -2.3794e-01, -3.1792e-01,
         1.8481e-01, -4.9189e-01, -6.3130e-01, -7.0928e-01])
demucs.decoder.1.2.weight ---- tensor([[[ 1.6426e-01,  2.1895e-01,  3.3503e-01,  ...,  3.1423e-01,
           2.1671e-01,  2.0456e-01],
         [ 1.8354e-01,  1.2990e-01,  1.5084e-01,  ..., -2.8180e-02,
          -1.0971e-01,  3.7204e-03],
         [-2.1888e-01,  4.0927e-02, -2.3769e-01,  ...,  3.1947e-01,
           2.7598e-01,  3.0070e-02],
         ...,
         [ 1.2581e-01,  3.7183e-01,  3.7728e-01,  ...,  4.5638e-01,
           3.8112e-01, -4.0700e-02],
         [ 2.5035e-02,  1.6900e-03, -3.8094e-01,  ..., -2.1433e-01,
          -1.0142e-01, -6.9873e-02],
         [ 1.4204e-02,  3.3172e-02,  1.0782e-01,  ...,  1.1729e-01,
           8.1499e-02, -5.4484e-02]],

        [[ 9.5721e-02,  3.4358e-01,  4.9299e-01,  ..., -1.6332e-01,
           2.2114e-02, -3.0718e-02],
         [-3.4691e-02, -4.8319e-02, -3.4436e-02,  ..., -8.9716e-02,
          -7.3434e-02,  3.5913e-02],
         [-4.3267e-01, -5.0952e-01, -3.3068e-02,  ..., -7.6211e-01,
          -5.0914e-01,  2.0270e-01],
         ...,
         [ 8.3705e-02,  1.6180e-01, -2.4349e-01,  ...,  3.9361e-01,
           1.3937e-01, -2.2982e-01],
         [-9.1805e-02, -3.8513e-01, -4.9229e-01,  ...,  3.4226e-01,
           5.3848e-02, -1.5308e-01],
         [ 1.5182e-01,  1.1950e-01,  5.8807e-02,  ..., -4.9366e-02,
           6.2298e-03, -4.3742e-02]],

        [[ 1.4635e-01,  3.0034e-02,  7.3168e-02,  ..., -1.6752e-01,
          -2.2759e-01, -1.3170e-01],
         [-1.0819e-01,  9.4645e-02,  1.5238e-01,  ..., -1.1089e-01,
          -1.2688e-01, -7.4275e-02],
         [ 2.8577e-01,  9.2710e-01,  8.3835e-01,  ..., -2.2077e-01,
          -1.4804e-01, -2.0633e-04],
         ...,
         [ 3.3990e-02, -2.1750e-01, -1.0124e-01,  ...,  1.4691e-01,
           1.5812e-01,  3.5017e-01],
         [ 7.3424e-01,  8.9331e-01,  1.2315e+00,  ..., -9.0609e-01,
          -9.8434e-01,  7.3839e-01],
         [-5.9687e-02,  2.2284e-02,  9.8420e-02,  ...,  1.7686e-01,
           9.1657e-02,  1.6771e-01]],

        ...,

        [[ 7.6559e-02, -1.6047e-01, -3.9675e-01,  ...,  1.0507e-01,
           2.8640e-01, -4.9926e-02],
         [-5.4514e-02, -3.6876e-02,  5.9934e-02,  ...,  1.2880e-02,
          -2.4979e-02,  5.0928e-02],
         [-1.2696e-01, -1.8771e-01,  2.5620e-02,  ..., -1.9269e-01,
           6.2626e-03,  1.9976e-02],
         ...,
         [-3.7006e-02, -5.0350e-02,  2.5047e-01,  ...,  2.0918e-01,
          -3.3438e-01, -3.4690e-01],
         [-1.3176e-02,  1.9145e-01, -4.0655e-01,  ..., -1.1098e+00,
          -6.8507e-01, -3.7180e-02],
         [ 2.1067e-02, -1.3876e-01, -6.4638e-02,  ..., -5.6851e-02,
          -9.2629e-02, -2.4077e-01]],

        [[ 3.7504e-01,  4.9097e-01,  3.6727e-01,  ..., -7.4228e-01,
          -5.7144e-01, -1.6845e-01],
         [-2.1882e-01, -2.5138e-01, -2.2252e-01,  ..., -1.7903e-01,
          -1.1571e-01, -1.0053e-01],
         [ 2.0853e-02,  3.5099e-01,  9.7875e-02,  ...,  4.0612e-01,
           4.5461e-01, -3.2249e-01],
         ...,
         [-2.4010e-01, -8.0647e-01, -6.8069e-01,  ...,  7.3241e-01,
           5.9997e-01,  3.2226e-01],
         [-1.5812e-01, -2.1069e-01,  6.7605e-01,  ...,  2.0125e-01,
           2.1150e-01, -1.1009e-01],
         [-2.0834e-01, -2.5132e-01, -2.2582e-01,  ..., -1.7033e-01,
          -1.3749e-01, -1.9878e-02]],

        [[ 1.0071e-01,  3.0496e-01,  6.2565e-01,  ..., -5.5187e-02,
          -3.1251e-01, -4.3144e-02],
         [-9.7640e-02, -1.1110e-01, -1.6889e-01,  ..., -5.3700e-02,
          -1.2416e-01, -1.5144e-01],
         [-2.5187e-01,  4.8375e-02,  2.1700e-01,  ..., -3.2101e-01,
           8.2971e-02,  2.7766e-01],
         ...,
         [ 3.5969e-04, -1.6412e-01, -5.1581e-01,  ...,  7.1269e-02,
           4.1796e-01,  3.7253e-01],
         [-1.8156e-01, -9.1150e-01, -7.1458e-01,  ..., -5.2951e-01,
          -7.2563e-02,  1.9044e-01],
         [ 1.2644e-01,  1.5138e-01,  1.8273e-01,  ...,  1.2430e-01,
           1.3999e-01,  1.7856e-01]]])
demucs.decoder.1.2.bias ---- tensor([ 0.3245,  0.1039, -0.1036, -0.0022,  0.1092,  0.1422, -0.2434, -0.1092,
         0.4518, -0.1037,  0.0198, -0.0136,  0.0074,  0.4091, -0.2010,  0.0129,
         0.0658, -0.2299,  0.0116,  0.1901,  0.1434,  0.0289,  0.0671,  0.2655,
        -0.0565,  0.0680, -0.1966, -0.0667,  0.2290,  0.0251, -0.1694,  0.2580,
        -0.0192,  0.0030, -0.0547, -0.0009, -0.1044,  0.0138,  0.2347,  0.1711,
         0.1182,  0.0472,  0.0253,  0.1196, -0.0780,  0.1876,  0.3344,  0.2287,
        -0.0339,  0.1770,  0.0300,  0.0068,  0.0795,  0.1868,  0.1146, -0.0543,
        -0.0008, -0.1472,  0.2186,  0.1048,  0.1775,  0.0717,  0.3132,  0.6150,
        -0.0084,  0.0850,  0.0777,  0.0120, -0.0509, -0.0547, -0.0075,  0.0206,
        -0.1613,  0.0084, -0.0583,  0.0833,  0.2541, -0.0305, -0.0058,  0.0289,
        -0.1930, -0.0609,  0.0042,  0.1344,  0.4597,  0.0740, -0.1011,  0.1143,
        -0.0065, -0.0475,  0.1214,  0.1945,  0.1202,  0.2497, -0.0865,  0.1467])
demucs.decoder.2.0.weight ---- tensor([[[ 0.5595],
         [-0.2826],
         [ 0.0032],
         ...,
         [-0.0551],
         [-0.0926],
         [ 0.4101]],

        [[ 0.0323],
         [ 0.0344],
         [-0.2321],
         ...,
         [ 0.0218],
         [-0.0299],
         [ 0.0318]],

        [[ 0.0868],
         [-0.0634],
         [ 0.1432],
         ...,
         [ 0.0381],
         [-0.0381],
         [ 0.1759]],

        ...,

        [[ 0.1879],
         [-2.3812],
         [ 0.3707],
         ...,
         [-0.1375],
         [-0.0156],
         [-1.6849]],

        [[ 0.2014],
         [-1.1648],
         [ 0.2523],
         ...,
         [ 0.0972],
         [ 0.0191],
         [-0.5162]],

        [[-0.7183],
         [ 0.1478],
         [-0.2679],
         ...,
         [ 0.0295],
         [ 0.1707],
         [-0.1466]]])
demucs.decoder.2.0.bias ---- tensor([ 3.2697e-01, -2.4331e-02, -1.0010e-01, -2.5469e-01, -2.0564e-01,
        -6.7553e-01, -1.6420e-02,  2.9972e-02, -6.1724e-02,  2.7225e-01,
         1.3762e-02, -8.2734e-02,  2.3359e-02, -7.4204e-02,  6.9373e-02,
         3.2641e-01, -2.1669e-01,  2.1681e-01,  1.5142e-01, -4.0853e-01,
         3.4756e-02,  3.3894e-01, -5.5688e-01, -4.0860e-01, -2.7490e-02,
         1.1897e-01, -1.0151e-01, -5.3989e-03,  4.5819e-02,  2.4289e-01,
         1.0712e-01, -1.8874e-01,  5.5051e-02, -2.3927e-01,  1.3296e-01,
        -3.2708e-02,  2.6344e-01,  3.6348e-01,  3.2638e-01, -1.1355e-01,
        -1.8264e-02, -4.3075e-02, -2.7080e-01,  5.9629e-01,  7.3613e-01,
        -5.0789e-02, -6.5208e-02, -1.1171e-01, -1.4094e-01,  3.9002e-02,
        -9.3010e-03, -3.6120e-03,  7.4471e-02, -2.5247e-02,  8.7428e-03,
        -2.0153e-01,  2.3808e-01,  9.7185e-02, -3.8966e-01, -4.8202e-02,
        -3.2640e-02,  4.1810e-02, -4.2383e-02,  1.8384e+00, -7.4260e-02,
         3.9880e-01, -2.3301e-01, -5.5093e-02, -8.3366e-02,  1.1685e-01,
        -1.4869e-01,  7.4443e-02, -4.1113e-01, -2.5317e-01, -6.4821e-02,
         6.1029e-02,  3.7851e-01, -8.3904e-02, -1.6235e-02, -1.4334e-01,
         3.7267e-01,  8.1689e-02, -1.9977e-01,  7.8724e-02,  1.2745e-01,
        -2.8060e-01, -3.1975e-02,  3.1420e-01, -5.3071e-02, -3.5088e-01,
         1.8123e-01, -7.7680e-01, -5.4031e-02, -6.5954e-02,  1.0928e-01,
         2.2876e-01, -9.7020e-01, -1.0890e+00, -1.1441e+00, -1.0163e+00,
        -1.1872e+00, -1.6380e+00, -1.4989e+00, -1.3391e+00,  1.2013e-02,
        -1.1484e+00, -1.3031e+00, -7.8624e-01, -3.2356e-01, -9.5064e-01,
        -1.4108e+00, -9.9099e-01, -1.6807e+00, -1.4679e+00, -1.6800e+00,
        -7.0284e-01, -1.7145e+00, -9.7749e-01, -4.8033e-01, -5.1432e-01,
        -1.2336e+00, -8.9687e-01, -1.4601e+00, -1.0875e+00, -1.0561e+00,
        -9.1397e-01, -1.0324e+00, -1.6924e+00, -7.3195e-01, -5.8899e-01,
        -4.0755e-01, -1.0709e+00, -1.3681e+00, -1.0377e+00, -1.7566e-01,
        -1.9041e+00, -8.8547e-01, -1.2024e+00, -9.0915e-01, -2.0341e-01,
        -1.7415e+00, -1.2084e+00, -1.5093e+00, -2.1089e+00, -6.9585e-02,
        -1.5082e+00, -8.2604e-01, -2.3261e-01, -7.4256e-01, -1.1508e+00,
        -8.3849e-01, -1.2311e+00, -9.5738e-01, -1.1146e+00, -2.0455e+00,
        -1.4055e+00, -1.5780e+00, -8.3494e-01, -8.9335e-01, -4.4843e+00,
        -9.3981e-01, -1.6146e+00, -6.7559e-01,  1.1660e-01, -1.4209e+00,
        -1.0546e+00, -7.5879e-01, -1.6917e+00, -7.6994e-01, -7.2265e-01,
        -1.1546e+00, -1.3503e+00, -1.1909e+00, -1.1641e+00, -1.2511e+00,
        -1.2157e+00, -7.0540e-01, -1.3111e+00, -1.0581e+00, -7.8112e-01,
        -1.5188e+00, -1.6289e+00, -1.1691e-01, -9.5103e-01, -9.4183e-01,
        -3.6721e-01, -4.4893e-01, -1.0479e+00, -3.6415e-01, -1.1110e+00,
        -5.8133e-01, -1.5923e+00])
demucs.decoder.2.2.weight ---- tensor([[[ 2.6316e-01,  8.1664e-02, -2.9821e-01,  ..., -1.9161e-01,
          -8.0070e-02, -1.2603e-01],
         [-3.6138e-02, -2.0852e-01,  1.4885e-01,  ..., -2.4639e-03,
          -1.4897e-01, -2.9021e-01],
         [ 3.0495e-01,  9.8811e-02,  2.4363e-01,  ..., -5.2330e-02,
          -3.9811e-01, -5.0625e-01],
         ...,
         [-2.1850e-03,  6.3805e-02,  6.8642e-02,  ...,  2.5148e-02,
           5.0710e-03, -1.6915e-02],
         [-4.2744e-01, -5.7069e-01, -4.3709e-01,  ...,  4.2561e-01,
           3.1647e-01,  6.0537e-01],
         [-3.0926e-01, -4.4328e-01, -5.6619e-01,  ...,  1.2266e-01,
           2.3151e-01,  3.0977e-01]],

        [[ 3.1258e-01, -2.8665e-01, -1.9656e-01,  ..., -7.1444e-02,
          -6.1135e-01, -5.1475e-01],
         [-3.0252e-01, -9.3377e-03, -1.0371e-01,  ..., -1.9072e-01,
          -1.6035e-01, -2.7246e-01],
         [-1.2880e-01,  2.0292e-02,  1.3486e-01,  ...,  4.1154e-02,
           5.9560e-01,  5.4350e-01],
         ...,
         [ 8.3637e-03,  1.1133e-02,  5.9791e-02,  ...,  5.7543e-02,
           6.1976e-03,  2.9328e-02],
         [-5.8000e-01, -1.1042e+00, -8.9913e-01,  ...,  1.1584e+00,
           1.2357e+00,  2.1432e-02],
         [ 2.1425e-02,  4.5670e-01,  1.7885e-01,  ..., -2.0001e-04,
          -1.1235e-01,  4.0531e-01]],

        [[-8.9869e-01, -9.1813e-01, -2.7382e-01,  ..., -2.5071e-01,
          -7.9873e-01, -8.0965e-01],
         [-3.1685e-01, -3.6580e-02,  3.0908e-01,  ..., -1.9458e-01,
          -5.1713e-02,  3.7115e-01],
         [ 5.1133e-01,  2.8467e-01,  1.3464e-01,  ...,  1.4820e-01,
           3.2339e-01,  3.9424e-01],
         ...,
         [ 8.5382e-03,  2.3806e-02,  2.4151e-03,  ..., -6.5154e-02,
          -3.5791e-02,  1.6487e-02],
         [-6.9227e-01, -4.7017e-01,  4.5086e-01,  ...,  3.4408e-01,
           7.2273e-02, -6.5788e-01],
         [ 1.4026e-01, -1.5229e-01, -1.1972e-01,  ..., -6.8676e-01,
          -3.3891e-01, -6.5539e-02]],

        ...,

        [[-7.1275e-02, -7.4631e-02, -1.6872e-01,  ...,  7.5188e-01,
           3.4270e-01, -3.0619e-01],
         [-1.5627e-02, -3.0407e-02, -1.1074e-01,  ..., -1.0921e-01,
          -1.7878e-03,  2.3366e-02],
         [-1.6456e+00, -3.5127e-01,  7.0453e-01,  ..., -1.8492e-01,
           7.2872e-01,  1.1438e+00],
         ...,
         [-2.8173e-01, -4.0618e-01, -3.1600e-01,  ..., -3.4778e-01,
          -1.4216e-01, -1.2023e-01],
         [ 8.1424e-02, -7.6054e-02, -5.0137e-01,  ...,  9.1030e-02,
           5.5478e-01, -2.1021e-01],
         [ 3.1707e-02, -1.4970e-01, -3.2326e-01,  ...,  1.3049e-01,
           3.4185e-01,  5.1918e-01]],

        [[-2.7211e-01, -1.9848e-01,  1.3734e-01,  ...,  6.8794e-01,
          -4.4322e-01, -5.6033e-01],
         [-2.9050e-02,  8.7153e-02, -2.6116e-01,  ...,  4.4658e-01,
          -3.0181e-01, -3.5516e-01],
         [-1.6163e+00, -5.1464e-01,  5.4285e-01,  ...,  9.0702e-01,
          -6.4986e-01, -2.2709e+00],
         ...,
         [-9.3297e-02, -1.3013e-01,  2.0451e-01,  ..., -1.1165e-02,
          -2.3824e-01, -1.7718e-01],
         [-4.2455e-01, -7.0438e-01,  2.1389e-01,  ...,  7.1921e-01,
          -7.0097e-01, -1.1571e-01],
         [ 3.8982e-01, -2.7610e-02, -1.3297e-01,  ...,  2.5190e-01,
           2.4656e-01,  2.6846e-02]],

        [[-3.1224e-02, -2.9196e-01, -2.1304e-01,  ..., -4.2793e-01,
          -3.3267e-01, -2.0558e-01],
         [-3.4441e-01, -2.0402e-01, -5.1603e-01,  ..., -3.6951e-01,
          -6.0102e-02, -2.7016e-01],
         [-1.2236e-01, -1.7494e-01,  1.4248e-02,  ..., -4.1412e-01,
          -2.7307e-01, -1.7334e-01],
         ...,
         [ 2.8398e-01,  4.2369e-01,  5.2044e-01,  ...,  3.8175e-01,
           3.3583e-01,  2.8214e-01],
         [-4.3395e-02,  1.0088e-01, -1.3056e-02,  ...,  3.9034e-02,
          -1.6087e-02, -1.9913e-01],
         [ 3.3061e-01,  2.1297e-01,  1.2646e-01,  ...,  7.2235e-02,
           6.3765e-02, -1.1876e-01]]])
demucs.decoder.2.2.bias ---- tensor([-0.0653, -0.0933,  0.1248,  0.4470, -0.8417, -1.0230, -0.0555, -0.2328,
        -0.1901,  0.1542, -0.2984,  0.2035,  0.2411,  0.3581,  0.3385,  0.1335,
         0.2469, -0.0760, -1.3657, -0.0325, -0.0673, -0.0867, -0.0487,  0.2869,
        -0.9008, -0.2436, -0.6075,  0.4281,  0.4149, -1.0853, -0.0167, -0.0291,
         0.5594, -0.0140,  0.0514,  0.2077,  0.5493,  0.8931, -0.2107, -0.2601,
         0.1978, -1.8899, -0.5343, -0.5345, -0.0192,  0.5870,  0.4256, -0.3415])
demucs.decoder.3.0.weight ---- tensor([[[ 0.0475],
         [-0.0406],
         [-0.1312],
         ...,
         [ 0.3254],
         [-0.0295],
         [ 2.4641]],

        [[-0.4314],
         [ 0.0958],
         [-0.0923],
         ...,
         [-0.0277],
         [-0.0939],
         [-2.4317]],

        [[-0.0385],
         [ 0.8037],
         [ 0.0221],
         ...,
         [-0.0776],
         [ 0.0219],
         [-2.0587]],

        ...,

        [[ 0.0302],
         [-0.0709],
         [-0.2666],
         ...,
         [-0.8649],
         [-0.1887],
         [-1.5769]],

        [[-0.2434],
         [-0.9531],
         [ 0.0514],
         ...,
         [-1.0514],
         [ 0.2116],
         [-0.3794]],

        [[ 0.0185],
         [-0.0192],
         [-0.2007],
         ...,
         [-1.4890],
         [-0.0165],
         [ 3.2684]]])
demucs.decoder.3.0.bias ---- tensor([-1.0032e-01,  4.1219e-02,  4.5651e-02,  3.0188e-02, -2.4359e-02,
        -6.8699e-02, -6.3008e-02,  6.3937e-03, -7.9643e-02, -5.1265e-02,
        -6.1552e-02, -6.7822e-02, -6.7027e-02,  2.7073e-02,  1.0297e-02,
        -5.4969e-02, -4.9271e-02, -1.3774e-01,  2.0547e-02,  1.3718e-01,
        -3.2219e-02,  3.9785e-02,  6.1807e-04, -1.4677e-01, -9.2680e-02,
        -1.3233e-04, -1.6846e-01, -1.6299e-01, -9.0448e-03,  2.3831e-01,
        -2.3459e-03, -7.5597e-04,  1.0727e-03, -8.5367e-02,  4.1838e-02,
         5.4521e-02,  3.6083e-02,  3.3100e-02, -6.4254e-03, -3.3723e-02,
        -1.2843e-01,  6.8275e-02,  1.7006e-02,  2.9387e-02, -1.3889e-01,
         1.5684e-02, -1.7527e-01, -7.3225e-02, -1.5279e+00, -9.0752e-01,
        -5.2559e-01,  2.4392e-01, -3.2570e-01, -1.0647e+00, -1.5397e+00,
         6.1581e-01, -3.9535e-01,  8.4959e-03, -1.3080e+00,  1.8154e-01,
         1.1492e+00, -9.3418e-03, -6.1692e-01, -6.8097e-01, -7.2118e-01,
         1.4485e+00, -8.8974e-02, -1.3188e+00, -6.8450e-01,  1.5880e-01,
         3.9391e-01, -1.1459e+00, -6.6981e-01, -1.2528e+00, -1.2499e+00,
        -8.3531e-01,  1.4872e-01, -1.8571e+00,  8.4938e-02,  8.1668e-01,
        -8.0351e-01, -2.1000e+00,  2.6145e-01, -9.4737e-01,  4.5207e-01,
        -3.3461e-01, -1.5570e+00, -7.9074e-01, -9.4599e-01, -2.0076e+00,
        -8.7545e-01, -9.2679e-01, -1.1952e+00, -1.0827e+00, -6.7282e-01,
         4.2458e-01])
demucs.decoder.3.2.weight ---- tensor([[[ 3.5282e-02, -1.1312e-01,  1.0661e-01,  1.6016e-02, -1.0354e-01,
           8.6480e-02, -3.7904e-02,  1.5346e-02]],

        [[-3.2347e-01,  2.4912e-01,  2.5301e-01,  2.5374e-02, -3.9362e-01,
          -1.1382e-01,  7.3215e-01, -4.3437e-01]],

        [[ 8.0122e-01, -5.5662e-01, -1.1756e-01,  3.4409e-01, -8.7097e-02,
           9.9489e-02, -1.1928e-01, -3.5243e-01]],

        [[ 5.5305e-01, -7.7610e-01, -1.1175e-01,  4.2456e-01,  2.4511e-01,
          -2.5177e-01, -5.2088e-01,  4.2898e-01]],

        [[-3.1272e-01,  4.2651e-01, -1.4691e-01, -1.2298e-01, -6.8322e-02,
           1.1029e-01,  9.5385e-02, -1.4187e-01]],

        [[-1.0616e-01,  2.5077e-01, -1.5962e-01, -1.2533e-01, -3.0061e-02,
           3.1313e-01, -2.8749e-01,  1.7082e-02]],

        [[-1.5445e-01, -8.9124e-02,  3.0520e-01, -6.6553e-02, -2.5305e-01,
           9.2756e-03,  2.5696e-01, -1.5142e-01]],

        [[ 4.3576e-01, -1.2114e-01, -6.4985e-02,  8.7345e-02, -1.8505e-01,
           4.4763e-02,  4.0284e-01, -6.1676e-01]],

        [[-6.4252e-01,  1.6688e-01,  1.2556e-01,  9.5455e-02, -1.7000e-01,
          -1.0042e-01, -6.3303e-02,  5.8594e-01]],

        [[ 2.2396e-01, -1.8618e-01, -6.4569e-02,  4.9129e-01, -4.2935e-01,
          -2.5941e-01,  7.3112e-01, -5.0551e-01]],

        [[ 5.0219e-02, -1.4200e-01,  1.7589e-01, -1.5017e-02, -7.7654e-02,
           3.2002e-02,  1.3028e-01, -8.0423e-02]],

        [[-1.8604e-01,  1.8370e-01, -1.5395e-01, -4.0463e-02,  4.7452e-02,
          -6.6677e-02, -7.7935e-02,  7.0752e-02]],

        [[-3.7021e-01,  1.3523e-01,  1.8201e-01, -2.3595e-01, -3.5652e-01,
          -1.6341e-01,  5.8789e-01, -5.1754e-01]],

        [[-1.0125e-02, -6.0965e-02, -6.9760e-04, -1.0563e-01,  2.2956e-01,
           8.2824e-02, -5.1274e-01,  4.0818e-01]],

        [[ 4.0101e-01, -2.0797e-01, -3.0087e-02, -1.3873e-01,  5.1498e-01,
           2.3757e-01, -5.8235e-01,  3.8445e-01]],

        [[ 2.1575e-01, -3.5816e-01,  2.3689e-02, -1.0387e-01,  4.1303e-01,
          -1.0934e-02, -6.8968e-01,  4.9773e-01]],

        [[-3.5061e-01, -6.9764e-02,  2.1652e-01,  9.0244e-02, -1.6186e-01,
          -4.8761e-02, -3.7240e-02,  3.0126e-01]],

        [[-3.3827e-01,  6.4599e-02,  1.9025e-01, -1.2224e-01, -4.3343e-01,
          -1.1441e-01,  5.0564e-01, -4.1396e-01]],

        [[ 5.2506e-01, -5.4479e-01, -1.4464e-04,  2.4086e-01,  4.5336e-01,
          -1.0456e-01, -5.3081e-01,  5.3221e-01]],

        [[-7.3021e-02, -5.8716e-02,  1.2243e-01,  1.4502e-01, -2.3458e-01,
           7.3450e-02,  2.3909e-01, -1.4582e-01]],

        [[ 3.2891e-01,  8.2633e-02, -1.8130e-01, -2.2190e-01,  8.8753e-02,
           3.2030e-01, -1.9944e-02, -3.8510e-01]],

        [[ 2.0460e-01, -1.8928e-02, -3.1395e-01,  1.3827e-01,  3.0710e-01,
           1.6557e-01, -6.6088e-01,  4.3807e-01]],

        [[ 3.1917e-01,  5.2037e-03, -2.3846e-01,  1.7829e-01, -2.8709e-01,
          -1.8884e-01, -2.7235e-01,  4.7902e-01]],

        [[ 1.8434e-01, -1.6466e-01, -6.3028e-02,  9.1827e-02,  2.1626e-01,
          -2.0453e-01, -4.3665e-02,  1.4931e-01]],

        [[ 4.7494e-01, -4.4633e-01, -5.3591e-02,  4.5905e-02,  1.4001e-01,
          -8.8406e-02,  7.7021e-03, -5.8090e-02]],

        [[ 2.7933e-01, -2.7439e-01, -2.6415e-01,  2.2812e-01,  2.5995e-01,
          -2.8571e-01, -2.8603e-01,  3.1673e-01]],

        [[ 5.1137e-02, -2.2841e-03, -1.2376e-01,  4.5197e-02,  1.3813e-01,
          -1.0678e-01, -6.9589e-02,  6.6368e-02]],

        [[-1.2086e-01,  9.1751e-02, -2.9748e-02, -2.4916e-01,  2.0285e-01,
           1.8517e-02, -2.0977e-01,  7.2633e-02]],

        [[ 4.2171e-01, -6.1592e-01, -5.0496e-02,  4.0881e-01,  3.3494e-02,
          -4.6610e-02, -4.8334e-01,  4.0635e-01]],

        [[ 2.3988e-01, -5.1618e-02,  1.8551e-01, -9.7999e-02,  1.2089e-01,
          -5.5812e-03,  1.3270e-01, -7.1647e-02]],

        [[-2.2226e-01, -1.8046e-01,  1.9335e-01,  4.1478e-01, -4.4381e-01,
          -2.9907e-01,  5.2847e-01,  8.6959e-03]],

        [[ 3.3306e-01, -5.5990e-02, -2.5832e-01,  2.1292e-01,  4.5136e-01,
           4.8523e-02, -5.0883e-01,  4.6981e-01]],

        [[-8.5275e-02,  1.7844e-01, -9.7870e-02, -2.3004e-01,  2.3990e-01,
           6.1596e-02, -2.4477e-01,  1.1981e-01]],

        [[-7.6261e-01, -7.4064e-01,  1.0825e-01,  4.1892e-01, -4.0628e-01,
          -2.8702e-01,  5.7130e-02,  2.9787e-02]],

        [[ 3.0046e-01, -5.5136e-02, -6.0359e-02, -5.7932e-02, -3.8004e-02,
           2.2352e-01, -2.4084e-02, -2.6941e-01]],

        [[-2.2354e-01, -1.1583e-01,  1.7975e-01, -3.2559e-02,  2.0568e-01,
          -6.6806e-02,  1.6093e-01, -1.1580e-01]],

        [[ 4.3023e-01, -3.9810e-01, -1.6247e-01,  3.9076e-01,  2.7707e-01,
          -1.2572e-01, -3.9935e-01,  4.3766e-01]],

        [[-3.7609e-01,  3.6649e-01, -2.0975e-01,  3.0918e-02,  7.8409e-02,
          -8.7975e-02, -5.4213e-02,  2.4735e-01]],

        [[ 4.9767e-02,  1.1878e-01,  7.5053e-02, -5.7130e-02,  1.7894e-01,
           8.4951e-02, -1.3588e-01,  7.7228e-02]],

        [[ 4.1303e-02, -5.0520e-02,  2.0022e-01,  3.1182e-03, -2.3923e-01,
           1.0686e-01,  2.4194e-01, -1.7535e-01]],

        [[ 2.3277e-01, -8.5449e-02,  3.0033e-02, -4.9612e-02, -4.7373e-02,
          -2.0655e-02,  2.2061e-01, -4.0042e-01]],

        [[ 1.1110e-01, -1.9289e-01,  1.7502e-01, -1.4664e-01,  1.1427e-01,
          -2.0168e-01,  8.0508e-02, -1.5256e-03]],

        [[ 3.5763e-01, -3.3155e-01, -3.4170e-01,  2.4732e-01,  4.0262e-01,
          -7.2052e-02, -7.0853e-01,  4.7370e-01]],

        [[ 1.7131e-01, -4.6111e-02, -3.4152e-01,  1.0288e-01,  3.3023e-01,
           6.9496e-02, -6.6466e-01,  4.1480e-01]],

        [[-5.6220e-01,  5.8161e-01,  1.2020e-01, -1.9551e-01, -1.6426e-01,
          -1.8929e-02,  5.8096e-01, -2.0761e-01]],

        [[ 1.1955e-01, -1.8216e-02, -9.6082e-02,  8.3622e-02, -6.5013e-02,
          -1.5611e-01,  2.3692e-01, -1.3130e-01]],

        [[-3.4536e-02, -2.8743e-02,  1.2213e-01, -1.6557e-01,  1.0467e-01,
           9.0867e-02, -1.0006e-01,  1.0366e-02]],

        [[ 6.0785e-01, -9.1602e-01,  2.6883e-01,  3.5982e-01, -9.2740e-02,
          -3.4272e-01,  1.9163e-01, -7.8063e-02]]])
demucs.decoder.3.2.bias ---- tensor([-0.0004])
demucs.lstm.lstm.weight_ih_l0 ---- tensor([[ 0.2896, -0.1721,  0.1224,  ...,  0.1623, -0.3264,  0.2021],
        [ 0.0819, -0.2580, -0.3173,  ...,  0.0534, -0.1420,  0.0759],
        [ 0.0454, -0.7441, -0.5856,  ...,  0.4342, -0.3658,  0.0454],
        ...,
        [ 0.0014,  0.1759,  0.6353,  ...,  0.1314, -0.2367,  0.2455],
        [-0.0590, -0.0622,  0.1774,  ...,  0.3318, -0.6998, -0.0198],
        [ 0.1810,  0.9975, -0.3952,  ..., -0.0279, -0.6168, -0.1191]])
demucs.lstm.lstm.weight_hh_l0 ---- tensor([[ 1.4717, -0.2705, -0.0586,  ...,  0.1937,  1.9670, -0.0396],
        [ 0.2777, -0.2594, -0.1124,  ..., -0.4608,  0.1139,  0.1108],
        [-0.0825, -0.1467, -0.9085,  ..., -0.6926,  0.0991, -0.4852],
        ...,
        [ 0.0878,  0.1500,  0.1363,  ...,  1.0509,  0.1373, -0.4001],
        [ 0.1981,  0.1170,  0.2868,  ...,  0.0966,  0.2124, -0.1677],
        [ 0.0088,  0.1141,  1.0865,  ...,  0.0224,  0.2447,  0.0775]])
demucs.lstm.lstm.bias_ih_l0 ---- tensor([-0.7293, -0.2620, -0.0964,  ..., -0.1889, -0.2272,  0.0558])
demucs.lstm.lstm.bias_hh_l0 ---- tensor([-0.6665, -0.1993, -0.1019,  ..., -0.2232, -0.1762,  0.0071])
demucs.lstm.lstm.weight_ih_l1 ---- tensor([[ 0.1695, -0.2637,  0.3159,  ...,  0.1175,  0.0462, -0.5522],
        [ 0.0867, -0.3213,  0.0587,  ...,  0.1137,  0.7017,  0.0394],
        [ 0.2317,  0.0030, -0.0996,  ...,  0.2517, -0.0154,  0.3112],
        ...,
        [ 0.0189,  0.1464,  0.2039,  ...,  0.0060, -0.2555,  0.0720],
        [ 0.2808, -0.0596,  0.8137,  ..., -0.1070, -0.0470, -0.8713],
        [ 0.0518, -0.0523, -0.2008,  ..., -0.1813,  0.4109, -0.1530]])
demucs.lstm.lstm.weight_hh_l1 ---- tensor([[ 0.0216,  0.2327, -0.2005,  ...,  0.0427, -0.2621, -0.0971],
        [ 0.1859,  0.8552,  0.0201,  ..., -0.2172,  0.1243, -0.3997],
        [ 0.2098, -0.1176, -1.0034,  ...,  0.0031, -0.1239,  0.2350],
        ...,
        [-0.0369,  0.0094, -0.0177,  ..., -0.6471,  0.1271, -0.1590],
        [-0.0865,  0.1196, -0.1771,  ...,  0.3468,  0.3165,  0.0888],
        [ 0.0194,  0.4929, -0.0379,  ...,  0.1380,  0.0489,  0.1464]])
demucs.lstm.lstm.bias_ih_l1 ---- tensor([ 0.3610, -0.1645, -0.3782,  ..., -0.1667, -0.0834, -0.0642])
demucs.lstm.lstm.bias_hh_l1 ---- tensor([ 0.3914, -0.1134, -0.4161,  ..., -0.0851, -0.0647, -0.0973])
